0.5468151278322206
0.18867601471918571
0.0325198473270103
0.12833447870864045
0.5975018100005371
0.3000862928694421
0.3357469274664755
0.815870393637496
0.32002699301671855
0.5544671261373015
0.5247637756961918
0.029383373556320258
0.5901440380402532
0.9111732374215282
0.9871894314182923
0.7644627272173106
0.6243025423590598
0.5162872385134458
0.805699114175441
0.9375952881254155
0.39164555033277737
0.5302877140995483
0.10591017941353154
0.9220810955726324
0.18481296362306887
0.11604831326264153
0.8540085430247635
0.04663745819126519
0.8801310707782135
0.029480513366002103
0.24923885962311898
0.8350548440177044
0.632260626378299
0.3610855114071043
0.42217748997662485
0.2715214032646047
0.3003887804808709
0.3165151880827741
0.7797187695261194
0.8387298514671584
0.4384430200836289
0.08235046656399736
0.4397798408951523
0.18784470183444757
0.012468097421966418
0.705541649761626
0.705541649761626
0.62389133471658
0.465565606560294
0.8480944999587752
0.4764711631433951
0.7280280145872726
0.03484803315855722
0.08339907182630757
0.2936051106752222
0.3269943828629398
0.21198204991375125
0.22532968312056179
0.27391096070124754
0.5944712547013806
0.040815856005021134
0.2923293493363799
0.8294559283113778
0.6626824808217027
0.9443811643234157
0.5517439946433484
0.49956893624448373
0.7705837124931068
0.1058485920584249
0.6595586722254034
0.39502645807462056
0.6887899113918452
0.801257376512251
0.8975078847480076
0.8362696859688916
0.7243846382138053
0.7490873457966418
0.8464252068866331
0.10168730407125337
0.6277060844872417
0.7324614906182603
0.5821854005944405
0.5610528812192128
0.6289967345577288
0.18957996717327164
0.881050751658256
0.6800966976786034
0.7837422156615728
0.6382371513298213
0.909165668529637
0.7936794756895158
0.04746960385165799
0.3155738880907002
0.7343947262644226
0.9274254913435722
0.6476212305714868
0.45593362530010517
0.5631389439828445
0.578242654620766
0.4706890445515661
0.623376797005059
0.814967276259118
0.3186790718559618
0.49775699316045197
0.7088048636739548
0.37991062624464766
0.1636376159012125
0.46763542537397385
0.2332589821160287
0.5413263686009866
0.8321884757964961
0.5181136447571046
0.11161290271129753
0.7245304066002034
0.7087110987433731
0.4733485276126006
0.2949677671707218
0.7063850409489512
0.41463709182909647
0.5953304299009474
0.8639749920402522
0.47090820612742235
0.22710046827914843
0.07630038134167139
0.9822854248996098
0.511898778187071
0.9045283403342042
0.5575138644892537
0.1667782397604345
0.9276738422849242
0.007043578314574583
0.8621014672691656
0.3530475096842274
0.1109754415826627
0.7331204407737026
0.08495101474762512
0.47469859489784305
0.27322580147980013
0.2693512087544727
0.5889500335360411
0.8006536161466933
0.22702300385631036
0.9559508742090406
0.8479611194069254
0.30737072358982886
0.6293225093281747
0.2960794017902595
0.4230081269434127
0.2658454461131856
0.6892961177518404
0.6356514906904132
0.047832802234750726
0.27658849925245876
0.2674373849181504
0.5799415431160664
0.4556329266110517
0.6581779571180892
0.04267096170271256
0.843938054777092
0.952511663961582
0.5040956259704679
0.4175488030680461
0.9382053716110561
0.3163675135003927
0.7088479146950253
0.356562890215673
0.1557672243956152
0.13284873838656885
0.8641505769884978
0.5560217466837722
0.24638283886200085
0.21108642458479832
0.6156216923675222
0.2915977942589263
0.38159160384826496
0.5383260822883837
0.19087817315301714
0.2250745663228555
0.05553967334796406
0.616269766100412
0.9969444135640926
0.14646671155184565
0.8215173887645926
0.3562810466764246
0.39292763111011353
0.8227587380427901
0.11236115328373097
0.17327019994742066
0.6878476479494593
0.2512762094500456
0.12236578794748776
0.6862469705552539
0.006834297560260216
0.38291088442085686
0.578242654620766
0.8625390067078853
0.7660120807512474
0.25953033427294625
0.8621517502600375
0.8386600799307589
0.5173825254095084
0.6256130513033784
0.7772200704738956
0.10388636437996324
0.31263455574701204
0.9835870691367148
0.5194187824675229
0.23110095131095854
0.8005005704357322
0.0542363230171623
0.3411394357171962
0.053781638987080216
0.6966355561473363
0.3341265681582506
0.11182974389223199
0.6937666989016147
0.5615562207265461
0.8098897143927546
0.8392390705487276
0.9764085089548773
0.7433688690864739
0.5701416951112335
0.8958188936792557
0.4560811961660276
0.22480960139707062
0.878431685879749
0.05724271044828111
0.21085984595709695
0.7562590089124839
0.8885561766154677
0.5263292313985986
0.14733455133549067
0.17353767858588576
0.7730607748645328
0.3855336355582277
0.3995491051500146
0.48668687652720766
0.8465646668359941
0.803210711556255
0.2838432607593582
0.10717305451863535
0.4495255132978666
0.08709384956219934
0.5257992365649939
0.2716323862372463
0.0406762145859525
0.7858494233622899
0.3784235484244298
0.5937149016523773
0.38754981745149064
0.9934145724216226
0.7883198547314834
0.9745710947502002
0.748632606381652
0.9148305636785476
0.13355700302836038
0.430271089220263
0.9281745788518534
0.3314532603976501
0.5652723790987
0.7779754007422863
0.3714982357625216
0.7617829282281117
0.7669383620417072
0.5221104573028656
0.6793378816100559
0.22052725864178324
0.10743876814831954
0.3903933064900509
0.4847163557163683
0.07591821313218161
0.3322001661595311
0.4764189426502752
0.6515366382494703
0.20441256023849075
0.02465853438185639
0.3672345131192618
0.567109283014773
0.49057511205618254
0.3395211356577097
0.5063075684823599
0.11325824349537483
0.6888403311533313
0.4474309264583023
0.25277004519394475
0.5170582243027484
0.3074033450707867
0.19882208755092434
0.45459431572081677
0.7216317055806638
0.3241883995142132
0.380625396480303
0.7258224770128774
0.9497652742016636
0.35557386583982287
0.9621054676932081
0.476583180614343
0.09397072468100864
0.7238903668033745
0.5761003162171621
0.32824126257329356
0.8189430532987572
0.2907299920102866
0.4751094725190659
0.004987949014442217
0.38600188224662646
0.18722566891656167
0.06857665857527873
0.7032299667376443
0.016816845944267467
0.5557226139126061
0.46211528690351855
0.12122769586795101
0.7430358923647447
0.3596431036025298
0.11964641001756515
0.7417140243514904
0.5048596426456253
0.8419414144561419
0.349241121985326
0.14525265776120566
0.4355781988155534
0.8818949804102265
0.7842065076789699
0.7128302009350136
0.4699342534357347
0.26530118218446974
0.2421099468407435
0.8298375759196264
0.03102351084428978
0.14281616546851694
0.963782702327391
0.26685284631861506
0.6651268910854831
0.9750928675684196
0.033417069589291915
0.9205425393249673
0.47497256187066306
0.18093299264358165
0.8531076485544364
0.1540613027693163
0.3453411183947477
0.28632108953772195
0.4256418085379552
0.9799807687252797
0.6092210080874336
0.2991242850376232
0.3249215323085515
0.10857310374708495
0.6218476040631356
0.6561176096450632
0.6506901130895355
0.6404377441976239
0.7366380194522346
0.48749668304530913
0.513070381741269
0.24398804664682383
0.8539352706966254
0.9601170250129647
0.5350559011465046
0.31072499326131253
0.34138956892623074
0.32195184275019195
0.17528914052013644
0.98792395930533
0.9852469934252441
0.04708091303186235
0.12502998888845074
0.10165008283691801
0.6460176932047654
0.4219462581566227
0.1795610321037442
0.7536703191674115
0.9098983863499968
0.61900821485008
0.992547798296959
0.23566655172244189
0.16005180754359682
0.580485183518965
0.41886642149412445
0.742453115722087
0.6775050185040026
0.9983606598511789
0.042143442619017035
0.9598647925260881
0.2146710509507448
0.8136790397990359
0.878267022405568
0.11691695986939887
0.2669609577842995
0.12142537985528423
0.6084501323380784
0.1382895252258225
0.8808847729379574
0.930312158288439
0.7034818293704637
0.19194568003130907
0.13558116079008609
0.8605364465981518
0.3924763782038567
0.8525463492508201
0.16817540871302028
0.5425805406254132
0.03752167792104477
0.6189815298508099
0.41537766663465314
0.02096126692086031
0.08385184685571234
0.5172233361420857
0.9789706717146394
0.8515680106402737
0.12816554701557648
0.10772827938447982
0.5856777632776073
0.574016314313379
0.03014151556960898
0.24653479705222647
0.9555770794961662
0.10246305026921232
0.9259480251713501
0.7402328023237457
0.12863143770049623
0.0775579575908385
0.9757096917518457
0.19396615178147059
0.2968860170829484
0.8224437932536854
0.12863143770049623
0.38224440139928895
0.6563445770451592
0.7317463732962568
0.757983866780787
0.189099576904475
0.41613053545684786
0.7832914792081926
0.37319701673040884
0.46106914240701324
0.8740935003990513
0.13468837524264954
0.8500726875696571
0.11786588356648275
0.07515847971072098
0.8042782562182638
0.24854656502852435
0.28047033548198197
0.8799395361076507
0.954881149828525
0.14074149263833902
0.09241458441580797
0.3145799373619651
0.35924581869841377
0.06847312281772067
0.5764320477508456
0.7845421842078761
0.8245338901938655
0.35605356906565944
0.4428028255338947
0.1171570677862932
0.3823213502574836
0.5179053278244381
0.24881572324021017
0.8478209762164619
0.3401507236392691
0.535565156601101
0.8294342381347994
0.9235226631485987
0.2700183996791221
0.4508595074230144
0.9676192091434292
0.43194231882492806
0.6031146805043737
0.034149387132683895
0.4808808638671407
0.08005430560716653
0.7078371897792279
0.9039078408466383
0.7490472205812453
0.9980033258746395
0.776827666070911
0.48002435211285555
0.559512458736882
0.8656781146800743
0.460269119334644
0.7261246766904699
0.6028860388629262
0.8661392116694078
0.6785441106491028
0.6231408006105978
0.4824799574068077
0.7667002049551797
0.45135387116508974
0.6895204774029251
0.5406832195585114
0.21713831252301863
0.30946648986124115
0.1641176774684996
0.8390160217059122
0.9736425273551936
0.6442218858450386
0.28047033548198197
0.8855913745604498
0.3932773770047586
0.4483521262541388
0.7909815792880925
0.9676752316609494
0.5067425122518716
0.9979729215083022
0.8838186143980253
0.38372788350062303
0.33830140219328886
0.14425703604687423
0.6345268468888059
0.011062584308468182
0.06048405592206585
0.43853624839004435
0.31956232200625534
0.5056543122556105
0.6577564243335603
0.06045978194613588
0.09964363915779528
0.9217428447080862
0.9254752070676815
0.806223087609689
0.3688999596988949
0.6126463552462922
0.6146154574207212
0.8401383689090416
0.5463117177919234
0.7021593152732915
0.7909731694839419
0.37855795043115736
0.9826695761423145
0.8660455943506087
0.684370169453179
0.5465399459193638
0.8525436470807033
0.7955954153717979
0.02209456968003054
0.7244253315042455
0.7268103937681636
0.8934211877654803
0.882182287167806
0.7253065151025531
0.23921829202557565
0.714294727564063
0.828610474881641
0.496510275557124
0.30787739371401
0.05612083408348423
0.6178885126284035
0.6217786224707231
0.19337276111229573
0.7716419878097822
0.449612373089165
0.6414635731097964
0.6511466289327785
0.36122014769978095
0.08155709906776609
0.6665092366039789
0.6574790794360932
0.9683650460602575
0.9278774472027764
0.48699688095074767
0.036190569781680004
0.23756079961019072
0.6553921025083533
0.7811007619974981
0.1560652253241741
0.1031659923233379
0.3958340401946201
0.7053380158820752
0.18969737486272686
0.667993727037542
0.5660889043361346
0.9945799057069826
0.19939226808453525
0.5431119121334078
0.7245071754689687
0.38455333383468027
0.5582216754742251
0.15883013936026202
0.44857511469313516
0.030396015742330196
0.723199781656406
0.6308745234050865
0.6271301909577376
0.41402595586820423
0.1794446939413139
0.6288586842493615
0.8081651806916139
0.8081651806916139
0.5215215600132144
0.4889596812407022
0.20898254915194903
0.1179149856963213
0.4196641763054738
0.3994817891203666
0.25126094512375596
0.7390725923685442
0.34198953986466396
0.45874786301075976
0.21718968364736702
0.9298934468406015
0.8135208786289123
0.6982632617965685
0.00534766219185645
0.5849247534547548
0.016514571816545587
0.9374654276886176
0.2437566399529929
0.859506939806467
0.10112592182996072
0.5018901525810975
0.8572446672348735
0.09577949761315563
0.23222311950070007
0.4021836946979256
0.14952863422109508
0.13388957646886723
0.5178123434914896
0.9478751024834657
0.10211802812388182
0.12200725440356042
0.35889364874158414
0.30045571360968704
0.18201385170376128
0.05418255525478721
0.2211893648387686
0.3357105873463311
0.512904793089247
0.00848851102598358
0.2707769381770686
0.11850691583683926
0.15455554450087128
0.9366932678494089
0.7940775775697613
0.5467816289012877
0.6067475653087981
0.8817649699163435
0.7084142204223889
0.6205506382398502
0.35551212268774557
0.08689972211732067
0.7628439553392787
0.7407826923811658
0.5606093451892467
0.049100670374491395
0.9750129115439978
0.9616235548769774
0.7928954633049234
0.5598930050372755
0.23924120633540702
0.08778995617698127
0.00960363097689454
0.5156697911795414
0.31885426486337165
0.19556398320170731
0.9095327844524139
0.9605514346909185
0.5151934155139086
0.5799926244839686
0.6403488946296318
0.7700051582370422
0.6615120546887199
0.031990142485747164
0.16363759627407748
0.9255045098360035
0.1295119317579907
0.9964232538375859
0.8261807746578207
0.031412051490903536
0.15338797359198653
0.374146663537521
0.9487206509343544
0.5801379304921321
0.052668596696353154
0.17821804606348746
0.4305280241134961
0.49942578449154107
0.576626627014255
0.16570764613526068
0.12425523469301525
0.35482773849139604
0.4531910008017763
0.6997613807042478
0.9284779237622536
0.36433273474950467
0.9944255921998812
0.1663222638193529
0.37269672539731324
0.0797168148771219
0.2589593599858391
0.44532845532491705
0.9633940383408119
0.16886372575468478
0.6052287486209214
0.5929003456189059
0.8842069032629201
0.9157777850310349
0.2588707438172171
0.02751489562767362
0.5881253627444631
0.47712654579407654
0.07406278298290614
0.909285205718855
0.4620934828073675
0.8050566793261649
0.1948959565763153
0.7554317938539474
0.8395917175111514
0.19508796250507787
0.37172052274952816
0.430621932847979
0.13007017982576374
0.9451228820169031
0.2415325276727187
0.9851468548057833
0.9571941441576182
0.7340688140838982
0.581519550537078
0.416752503258343
0.2504564747573459
0.5059753307251447
0.5735829981056606
0.7357890581236806
0.3782352094412378
0.23977189972682256
0.5577751408073666
0.4961590072317681
0.06608014401078321
0.18161033484593347
0.38184441566474026
0.09387251945279296
0.030682024358566595
0.6623406856570102
0.9569150855454203
0.36849929847577134
0.5192048861909146
0.46320414374383656
0.36593729535368413
0.8551172739888211
0.25284078239534624
0.3520867724286252
0.46169146681750384
0.3110839380215189
0.8128538592720869
0.7305733460112438
0.4235725952975895
0.49209497367729993
0.7677908281976229
0.683363108996039
0.707766870537089
0.37219652832901895
0.9027131579457959
0.026392692866055834
0.11765488264841606
0.4196563652469898
0.538002395339336
0.33436102274041835
0.6019128646637473
0.9088313204331384
0.0376864646269941
0.3568658039196524
0.19080271324170206
0.06685070454185049
0.049848261593875565
0.8149819045973081
0.4218605405066267
0.6267078279562017
0.9431516204942059
0.5278850017240544
0.7636581634287816
0.45236811097565255
0.32577323836527317
0.5608604464770572
0.9243000339959053
0.033663125660794435
0.7336791319634819
0.7687259430745885
0.12391076680284474
0.7213283861234037
0.4707174032364456
0.8056675831178148
0.25781792177064555
0.18332577676228912
0.7635143603066392
0.7507065832692599
0.7057791756106573
0.3207867421068846
0.024613047403587274
0.4647851237678109
0.610739508898942
0.6466720533904469
0.78982299458276
0.5205299559926748
0.7099811476941316
0.2981397423105452
0.3163875081764409
0.20922781329640827
0.22958117581570203
0.15346792582277913
0.43410395105616373
0.831593892509648
0.2525708887616964
0.9320303475063105
0.6141619979810038
0.45718439403471334
0.8605221360584678
0.11375357964909627
0.37246902674319116
0.5815567750157147
0.24567088708827423
0.12584496175862636
0.31753841007454087
0.5575498049449656
0.6343218061608837
0.6885048983128601
0.08903913935556784
0.04673890099821176
0.13225559096068773
0.24817249808358177
0.31908414003759167
0.29131682048255025
0.3112009804932403
0.14620955789579604
0.7736606477238495
0.9329033116097682
0.3487421024697339
0.1301554609928608
0.8732769705062777
0.9614739565109505
0.8211042196702316
0.7135482077089237
0.6773427941904886
0.5171545883303268
0.2585730857141182
0.3745971667755468
0.48156824981858426
0.5731031116214165
0.020663835746903114
0.8091488712907688
0.3717837689840202
0.6288695290137429
0.6950101642553252
0.047231987586624724
0.7094085537993973
0.25689289439077756
0.8201875286448119
0.41226902285780165
0.422184522805217
0.1738838632781352
0.9844940833165632
0.09059073451838162
0.157619937977024
0.3204694981406586
0.6857798229777192
0.7428764477360583
0.8154821538426764
0.5401837239694252
0.5049884367716675
0.40666856281273445
0.49909820535594074
0.8117730337605809
0.3132453225782441
0.7945324747887434
0.40099346707640593
0.5617226387783727
0.43752100405451944
0.2170599412172587
0.12683208841658256
0.7938798292369706
0.6679359506746985
0.5534513024637888
0.12266748817386341
0.9924618942915824
0.8543492360761802
0.6122344911000381
0.02826439479137921
0.1409929031337176
0.2925433016360446
0.7774061594483077
0.6711999806803948
0.45322796766343565
0.09143817136710908
0.7826028972747401
0.06121297531157932
0.323166337571404
0.14081961406520493
0.5790223560049603
0.901981465932556
0.20684197876202992
0.5218919981714902
0.30802149344555096
0.7419153515824775
0.4053639966584561
0.5359409665379993
0.5910887131519833
0.49565950609230924
0.4912236245981656
0.9429622735675529
0.060287620797966346
0.18296736754539955
0.6859232664528072
0.9417094789031575
0.34216728997409307
0.3977853261231237
0.5673518419087415
0.3275125428219998
0.06303712447271992
0.2816415225518134
0.6450073168279911
0.23472420042979225
0.2212705931246759
0.03277353232975444
0.6759318129818139
0.9331353165222658
0.1652452603558452
0.7569018089263573
0.14695006595095284
0.09171464364716542
0.5532928910736672
0.866051598637253
0.30222835688586724
0.087465605861061
0.5775046844490175
0.11845489297301248
0.718049661160473
0.9002986401873256
0.10150887533493691
0.7828422327347175
0.7069795042592675
0.4476123251901274
0.8764341599169345
0.08165249027566746
0.8764341599169345
0.6906337009527392
0.903287500748519
0.15974947380611582
0.6172417457493637
0.3612269785996278
0.29001375682984953
0.2325780065788865
0.12137572933187535
0.1310613948409305
0.4307330897363615
0.30807447431422275
0.006518242093210169
0.6039526233479262
0.009735943131262692
0.8189172715676494
0.8441512718789388
0.011931636805147638
0.5465362830167122
0.7656310659032233
0.7892073375723008
0.2933431218816651
0.6116275389839716
0.08946946610533923
0.9167942315724389
0.021218451738140853
0.6663597974493358
0.3907704729932433
0.7826206697789964
0.9401015690008603
0.14693419053126866
0.06833512127310049
0.8435158427151526
0.6469872553484108
0.4001688781834458
0.09773997949509527
0.8350387004158997
0.5155709911948114
0.22286640779053757
0.5707915626781985
0.9579785520782182
0.4493674117420021
0.32396845003996044
0.5532922975079753
0.22417314343816508
0.22569892543029213
0.23035222564451696
0.9034702862404309
0.8673801119728506
0.48803688678613844
0.15148504266754403
0.4042715482702155
0.3233034821719978
0.09619673440429599
0.621512788832328
0.24389757703620818
0.6281930474450526
0.5013689817949012
0.19341444030964805
0.7227844775759156
0.4553658945513519
0.5909470550032747
0.5549886845026304
0.6755519908588428
0.08895631541216131
0.9030259946893413
0.950084752981764
0.11866314982581616
0.10839411056945059
0.5693701896436036
0.6663094489670536
0.6864705580699406
0.41252802378712716
0.24824353322771464
0.4286877769063744
0.2760537443535398
0.4766340570986445
0.792068201152955
0.300733458161043
0.09270559631864184
0.8615655535821509
0.06563861854819941
0.08547022385506176
0.4536090350807185
0.7505968766289168
0.7156579313705815
0.8858184918160132
0.8846488816724951
0.9423125864694102
0.7499669313425696
0.5714138864364271
0.9110650000573441
0.7353729024160351
0.7666958441490341
0.10128146978884822
0.45347841643199716
0.43829677942333745
0.4247483889829775
0.49115470226838265
0.31001962973632824
0.5233593719424812
0.23773159499572194
0.6050721458749144
0.7204230217864422
0.4009787540408931
0.9612839745553705
0.22919425395001647
0.41049293287122834
0.07710531537133547
0.9286004533894274
0.5146975459093277
0.3765869661036938
0.14023002715084032
0.37020172973776866
0.10626500685278484
0.2807421179324967
0.26287158590017334
0.6237540297337938
0.06400183737177167
0.6920440635809739
0.795845713909618
0.23401080373497707
0.6857054829617744
0.9983345372890415
0.429151361157625
0.10807591587548249
0.2148155902431288
0.015785204347700033
0.9072056071938785
0.41949744847953974
0.9162790706886912
0.5743507157004517
0.7286817958260303
0.8700308285470302
0.29638434831575644
0.6620567925431222
0.29719542989309433
0.33672369894543475
0.032451719833359816
0.6098459879978857
0.3634546770635769
0.426997279070197
0.4589889381442578
0.9862553396765816
0.9227234379685669
0.4951910420928676
0.14055997734033965
0.14600768226620842
0.599634159296417
0.4896493343746906
0.8323960370969199
0.043045763760113376
0.49210106747516935
0.8507539873457486
0.7674127859242781
0.4152841590737979
0.4272391056304856
0.5714635237224857
0.5895505231095721
0.007620413453991448
0.6078333516708727
0.3356564027178386
0.30836911995351723
0.5715274472025993
0.8724360749986604
0.31800393072854094
0.31800393072854094
0.6513796711104012
0.05636600679712611
0.9537604937687745
0.1815622715106826
0.18313271241107043
0.17887539711044487
0.21079758986785468
0.6286703218401557
0.6752029912142805
0.9570072164787595
0.07084909172245113
0.07084909172245113
0.9935755378543372
0.5389854460161463
0.9083936550230987
0.65724602211621
0.2800146141922901
0.6307221232621791
0.27078236256291843
0.5800555321376064
0.3898589976703155
0.3898589976703155
0.6151631815735321
0.01285418611608291
0.946128157603338
0.8674793631575692
0.7878205726987366
0.8539352706966254
0.12209492312651071
0.3767138330431805
0.8990732922047344
0.6475801875086897
0.9549530941032232
0.7952423997929619
0.9284708771106651
0.6165316040164117
0.11460691525479971
0.6437381235642674
0.20247280606287532
0.13848317252980502
0.09798612749081959
0.7605384986370305
0.10525678344921352
0.9277446393224857
0.9658152859896245
0.40721050132460834
0.4473570774811171
0.6467105068159704
0.3810805369977164
0.2825295921190174
0.014217342850086467
0.4671864316879786
0.32685426493093206
0.06933707625363672
0.8578065531863583
0.17604686098052524
0.7147160734263811
0.3133705097023842
0.3964314054193365
0.9559149486850063
0.533924125564317
0.9900717867451956
0.4266554402337619
0.9983417057613468
0.0218522731214279
0.4953230434987068
0.05697351703135922
0.33033966281420124
0.8632741791161587
0.09479476705440204
0.5715272867245627
0.15520196505454242
0.5566176893596166
0.9996454546051756
0.019763996945998175
0.40099799874458264
0.8927055350748083
0.9488551378798697
0.8862882506921403
0.6600886127360528
0.2509906856224493
0.5950278533068483
0.38470598319941707
0.5099760317572823
0.8824078094783525
0.13252147750073728
0.6746310032335301
0.5195520816416312
0.2250906761142375
0.42221356155407386
0.1568797332125791
0.6691469593897155
0.34843836988847765
0.2688535881671068
0.3159956058459763
0.18426409893294515
0.016519620238393484
0.21192781649262593
0.751193734674457
0.09519760465609184
0.00937364464878132
0.7600200167643512
0.49305877164463285
0.35895326763994007
0.8663918294759319
0.059117803343216035
0.27888015537678545
0.79881519007869
0.5997737568078634
0.6029382865077582
0.4545620522413025
0.823704872142768
0.060119515672191426
0.8893917278624022
0.17740459759989524
0.30504530030408006
0.007085806806533368
0.15006363750805551
0.9558882002661953
0.2656610206839909
0.9901728687927096
0.3034725040882593
0.44040994190959437
0.6675664364951903
0.14746700472239427
0.5351542001865552
0.7456738755041046
0.5355682832776112
0.03504207424715533
0.9085157375159678
0.6037639264482866
0.5772175314068808
0.45486658968394056
0.49189956363779386
0.19727724589410367
0.9215086118866389
0.9233154375664114
0.6805828593677823
0.9549752240229576
0.607893741071251
0.3475318166470922
0.032815554676767444
0.6504558998805772
0.2882503138387691
0.4004028284425438
0.11689379636657837
0.6904767006005668
0.7757862588606339
0.32547225678553504
0.7637671685668377
0.07647212846749474
0.9252486809059148
0.5248636988600479
0.8989271335828164
0.8510421986858603
0.3025187976337147
0.8637441412907019
0.22052029364961268
0.9317630472700809
0.5991085334155244
0.9606125283966036
0.694630372538181
0.42144632588548747
0.2533873609556352
0.5597780169468025
0.21671407633517936
0.1602931007975128
0.19255292822812065
0.6298106864093043
0.5244523848574729
0.7204883596581968
0.6577856279351317
0.2161451497835345
0.4124092470153695
0.16591826697783607
0.39262750345095343
0.2888703669659305
0.9633112901185219
0.5271157997524722
0.09566936082578925
0.356717652154803
0.7884884528788343
0.9322724897400927
0.5110877667921472
0.6059079387741351
0.5823928115207999
0.28147892653452633
0.8164941041712668
0.6253415379713532
0.6627390650770704
0.6627390650770704
0.9284442881468458
0.20505555904824924
0.8805502249596802
0.9183337835322432
0.12111588105465243
0.0521703576856809
0.5320114651364931
0.7367089708511609
0.4219486786658102
0.05027373595291329
0.8858646224424633
0.434770206692648
0.987050229399
0.10828256595883246
0.328116847503354
0.8107490359384757
0.5065641677935349
0.7812021682868735
0.9047559493898139
0.5592578557155867
0.37872092979852856
0.6058908806770409
0.07600835178494814
0.11991311873818034
0.151334844339849
0.26012353826357715
0.31785920094115316
0.5346376018970107
0.6576546078721932
0.6345022409416676
0.15454613046447907
0.7553735587962096
0.9229853097522596
0.29046184457669444
0.6787087585255658
0.7026010252111963
0.39601673306241536
0.702566709081561
0.6802488447019599
0.15680223446948482
0.6764698110030518
0.6551978417241915
0.08695110747953239
0.5753325286816697
0.4423530524079664
0.15574605088180293
0.8485327594465086
0.21188528797942463
0.07530695748230509
0.013992639937298712
0.17277004460876988
0.3385883893107382
0.13797933046159927
0.7854655611949828
0.5284563553478663
0.40919330770727647
0.1336184433194465
0.22720744221663347
0.6973402804101339
0.0449769147671506
0.5968276414658487
0.1395776375195319
0.37684829320472746
0.7209140125708391
0.6562053349146348
0.28189573188967665
0.0020107068389287885
0.5966088058417627
0.32020202165337164
0.05097877444883259
0.22899189635233408
0.14922366531467968
0.8344621268557675
0.6683905626164661
0.4739818827777007
0.7554078997369309
0.22478346352135836
0.8027266349395015
0.7525044702521702
0.10565176633994611
0.7030144942126579
0.6500830674001927
0.11933113566790188
0.40936652767959236
0.7592564539219422
0.5381808324305213
0.2957021711565868
0.9047926172885374
0.8364069477756497
0.20491351459073814
0.5101746182329636
0.39556563557521995
0.8173064967292205
0.2246154471872459
0.2428447879833806
0.15722317017538412
0.3396143313864761
0.7479803710374893
0.707324208181825
0.23072288551600661
0.8406396181223352
0.2434526407937454
0.22020443710952642
0.17188257732027146
0.2411969449496596
0.2411969449496596
0.9856723367470661
0.7411010375414673
0.35761902186395456
0.22898849519928466
0.011705932116479856
0.2401292920351341
0.9745167447174135
0.005377721831881566
0.6955732351274164
0.3448082873241305
0.7768815298204548
0.6425531442121244
0.06525155631744783
0.0688911049727059
0.13679436655733856
0.9481289831494424
0.49750479367166967
0.641915184873185
0.9996692574363619
0.8605908716991497
0.20618016355524782
0.34025109261696196
0.8582845005509456
0.8890575198038493
0.08174507329556424
0.0046344716120565455
0.861090133046504
0.6184898574545998
0.8721396586637766
0.37892872777247466
0.1176590900318999
0.6955417644171504
0.5392079587459104
0.6472408462493782
0.40242189532128303
0.3426898782397345
0.6486230211045512
0.5412871154509149
0.7189908960301845
0.26747057184832057
0.2526404114150007
0.08196769751331257
0.6622741545424682
0.9247469454077422
0.5484919698590982
0.4334939462860976
0.5627957664112382
0.7665390685183591
0.3458462351968292
0.3458462351968292
0.017922862787138394
0.5310034475766785
0.23308143471666232
0.6268985103167046
0.7059663676404933
0.7514151028642189
0.13238946643951044
0.5339634043072063
0.6132287822827032
0.5917342838419337
0.07000121200223042
0.1802042723304751
0.23186170481516122
0.46964487318895287
0.1851160765509361
0.6135323434368654
0.8327872078228149
0.2860737059695513
0.08602390201873922
0.08602390201873922
0.9903764343110781
0.5611752375657411
0.02687084746730939
0.7249639407913109
0.2925142737095383
0.9605833608703498
0.4131765834378023
0.18471613652845487
0.5557594716959011
0.08538484662323964
0.29558576054410035
0.016366133171369368
0.4294705312661711
0.4588644717541892
0.06706843538241314
0.8369715764324017
0.13511181670985262
0.18120447791454186
0.5798242027402993
0.9498064825721073
0.8309203005036314
0.5638743309137817
0.2048676108114611
0.19863447508042786
0.5410879310724555
0.3391674821705297
0.18571588096245928
0.003186478662490222
0.6947128098497779
0.5715272867245627
0.18571588096245928
0.6063746874299043
0.9292317908949899
0.20249339146406564
0.28506625490013504
0.611363935789371
0.4745053815103055
0.49505183920732754
0.4413599478847736
0.8153125214563206
0.1440723151772556
0.4112632675497605
0.5944741637248128
0.7958385935092929
0.01256753914998221
0.5058453137318557
0.32208597018124485
0.016090793300507444
0.6283561143365703
0.7062506027413318
0.14724166349630918
0.2841663673666974
0.05888663929830518
0.5683028800617604
0.9572829021619826
0.2104804772801252
0.35491589461951234
0.6864787192850446
0.026437453750190354
0.279065749735794
0.4350579415220748
0.3085130581341089
0.2742223940250841
0.21841384207461534
0.609723328897279
0.9047058550292648
0.18704669901941706
0.8980711052172905
0.2019547830759607
0.20445790914971962
0.9016820905245455
0.41284860545903634
0.35886114955587844
0.35551946328305406
0.8591940763671944
0.8313954763776386
0.039289859264967975
0.04270371306747944
0.5194079393594488
0.6396985660036019
0.16968939165333619
0.31067621268943224
0.993215670855873
0.495229971167334
0.8198968651775049
0.21917569581273133
0.601562470810364
0.7694731022641323
0.5958307522429236
0.8341865117344047
0.5493929657352357
0.7277383663649786
0.8481892375989606
0.08943813819263902
0.7192298173605789
0.27114859856591544
0.9762455255236135
0.5383894392886222
0.6738997643737419
0.3369888281285547
0.26956487389780426
0.19332644943754262
0.605609433239229
0.7693820380404122
0.5124526434502927
0.8420339105178469
0.5758003348746827
0.8997059016096138
0.28245389095933326
0.763190673948656
0.8666167505799991
0.6076663398472273
0.1572630694535717
0.7987453308763619
0.39303980435489594
0.43323995720541664
0.47085001936283066
0.5879665409240433
0.3877085060087675
0.80572681758043
0.5228338039067242
0.8667221041534798
0.9376424220414656
0.6927316885123045
0.14525931078437715
0.1572976481665076
0.669447380313402
0.21169840223008962
0.8211080995490709
0.9749716549975882
0.17737111205584566
0.5597424150675288
0.7888557422263303
0.5202868990009459
0.5720616511556478
0.21545902716656706
0.30861487168105817
0.5469339410962679
0.011581573380497368
0.11871626922996992
0.6215221439691836
0.22650990591042275
0.041165163444965236
0.8577347128477764
0.3128303773722849
0.5196314922200702
0.645412088202689
0.33484127161894617
0.827314166427791
0.3398691415307158
0.8134668568684063
0.9320631996459756
0.7894212869609025
0.2191300737505466
0.9326175576794218
0.9129957145648391
0.6207228049825786
0.18658069951085188
0.4249486927247068
0.14948250305056043
0.7741303064972112
0.9734625156336338
0.42048290634844654
0.4764935440322704
0.9584509102869307
0.1166389941947783
0.34005017279594174
0.9045993901881408
0.7747849850932096
0.7977526547658897
0.9505317234900743
0.26959209908724335
0.4771882480800236
0.6762488399221203
0.19581771151084837
0.7252137298690833
0.3004685837332479
0.5559860769797711
0.2293888005106981
0.020526881616569348
0.7716660094502021
0.6514935955803092
0.42083378553378226
0.013206520350076634
0.7189506947252353
0.639972615409309
0.508032884114807
0.2981084944984591
0.9505317234900743
0.5457304426064762
0.750762641166536
0.3289792535793745
0.1682126968607376
0.45486989203152706
0.03922273917607377
0.858004229967593
0.9538915010208773
0.183673674934429
0.27900617853049003
0.8130420031660057
0.47012846084158855
0.13251801455605405
0.7039847319540575
0.1105436957703545
0.976252643542147
0.5117028271610427
0.7906622995609551
0.12408204309573456
0.43334575405218945
0.5093560771566616
0.4642082667334426
0.8907116565587607
0.11686127630825394
0.6678193722349526
0.6678193722349526
0.22791979682519847
0.8251570196957634
0.9633329611803267
0.8429105563016781
0.8037259267001127
0.9585306851614384
0.5167659463437069
0.5395627295183894
0.5822062975669509
0.1772261969176132
0.4031030315936379
0.009648051752561893
0.028572281922076836
0.15849329802198597
0.8097971604077205
0.810088196968533
0.6843496731004699
0.5334291917294467
0.4067434993625012
0.21569004081780885
0.299330736253987
0.9546332966212598
0.7152668705598086
0.8108718868411295
0.5891856312629153
0.9272224017464927
0.41816244085880716
0.8082535242164537
0.5212824813992929
0.08955415603949746
0.27393747962424797
0.6788975767007528
0.49617217084738474
0.13760398087908565
0.2727322074585077
0.07119898047740447
0.009752927098696462
0.7728546542106156
0.5780172732109266
0.7822079235084336
0.4231974623356456
0.1108589362379564
0.17135750227474
0.8968551197355208
0.8733127870902169
0.7164680572233102
0.5910850472340634
0.8237328836026985
0.2936382857331017
0.3028381389619381
0.43976179978855434
0.867608030454756
0.3605823022448069
0.7279581661488856
0.7231411444309048
0.7154111867000177
0.7154111867000177
0.028808023022085516
0.1048019240616791
0.547987406684469
0.7892429982010429
0.20121416849901608
0.6091373388540651
0.8533481929158973
0.8557419427617003
0.7479007205859134
0.8595471596796831
0.029765186917986464
0.9289122405857742
0.502308686559241
0.8849108845333764
0.9098536867556548
0.083945475698052
0.04843301726201377
0.18649344655724254
0.8782020555828058
0.09844242182804863
0.8991136726196436
0.3058707734509605
0.22170240998238255
0.24725963542878104
0.541537451884812
0.950714517261616
0.2725058534586904
0.36315937127532494
0.4362959973062195
0.7538541746755021
0.33553341721560326
0.35187601930562007
0.9924979492903809
0.14709426114363278
0.719285296753376
0.9784181020121707
0.21394925651030605
0.5830770304450987
0.5190596282207438
0.025558890512397126
0.3060595214625037
0.29345291615255364
0.731857123403421
0.5312301738554321
0.12288416357208165
0.5046798749566077
0.8883694967151765
0.0620253938360229
0.8101057743438449
0.16332356593424513
0.4263370364954604
0.4287458428390689
0.7747360540720214
0.6484598555732259
0.24387115609180143
0.15346897972961404
0.8432982059778817
0.42757724172208555
0.1060742051269592
0.13817116326440115
0.6166856602502517
0.24568832281255504
0.24280522495625734
0.3969677167875003
0.02261900700196473
0.5811393208432125
0.7987149188578262
0.025784501860873332
0.9474568327043291
0.8323372197256647
0.8153697988632418
0.7048865280474419
0.9598895567445895
0.29731275819277325
0.23295057899596605
0.6517987087925707
0.8879467036470108
0.9775683473401202
0.6924937676806844
0.932510142324851
0.3186293462597656
0.30196265201588424
0.2422439112307635
0.7180092718344435
0.17201792820798167
0.4692642274924419
0.5612052802594258
0.7755471948220323
0.6913377152134073
0.546912527401205
0.9166333857937898
0.19862330022467267
0.20063268967136172
0.9740051364944771
0.47580147616564106
0.3641324556916341
0.5561321588911201
0.3277854983883972
0.28647840352067
0.6206289245446612
0.6323778903001003
0.23425144446628154
0.16880875000323292
0.931440645779485
0.7537151098282755
0.6502512642964373
0.10180893498571986
0.0936872894469134
0.3602395789780337
0.599918947426465
0.8897740637914733
0.04916891445952798
0.19122245083884004
0.3570259117325798
0.9548521936990075
0.4516747085124786
0.9904849598670635
0.6117055119723107
0.06466806762082244
0.1642104489524563
0.7140002607704723
0.6670222731654258
0.28000592086896137
0.2296572425015082
0.20958156730919852
0.9438716468177217
0.016674703920455558
0.13101254430618114
0.6081015194371082
0.6000885672123808
0.5596164935474031
0.1514879091895378
0.9710042617576637
0.7565692102318096
0.7060462937260563
0.9034979444710671
0.15673947234499197
0.3655176080016962
0.5611504536653007
0.4200316270122473
0.15991894760681746
0.08696650376540038
0.16010879862648464
0.8499552359550058
0.4383383555456024
0.8134484042673147
0.5939551931727582
0.8447445714515203
0.7361829055780114
0.6048235377100184
0.5713952668567122
0.41820007942047654
0.18540047659423076
0.8753589152392598
0.33435620151683043
0.5422545788628939
0.008232279257310182
0.38771336035761106
0.8267559049816873
0.7994150062927821
0.6558947348538413
0.32191134106336317
0.5411012883785378
0.7846031004038736
0.7468035680856688
0.5111353219930059
0.02436309236614842
0.2113314170497549
0.747832759472971
0.30043657668534607
0.43199319209814036
0.5435370195957463
0.00791492429565177
0.3750975420772631
0.677318308809642
0.8846949023709061
0.3181110419400419
0.9905806997272231
0.4624714891087338
0.6795686423116118
0.9613951089500994
0.2843875747466422
0.6456647876687274
0.37122981337293437
0.027481736868589124
0.19060515793654087
0.07945658850020698
0.34965019092496274
0.7685333086343897
0.30387768490258216
0.7336253193365541
0.986745225080885
0.06169411499513511
0.4187222193100504
0.21392953232851286
0.335289156762802
0.7158626552362333
0.8410903934140237
0.5054908866867096
0.4094544247662475
0.901130271989202
0.3629277591878055
0.2934309478280763
0.7149969057817405
0.6721822825752497
0.8005171221489049
0.7747827366005717
0.45519168111260555
0.4908471723087964
0.11541540344488888
0.5499630103215265
0.8494688563600725
0.5444482360377592
0.39640660246438997
0.737070338338081
0.04486182764861635
0.18408468858529803
0.33426529476791944
0.6237114033010727
0.9347247647686894
0.9121367381072072
0.3327990925117408
0.13864844692940026
0.4446193962520111
0.1479503998368119
0.6695830547797184
0.5087929775287436
0.7795072087028327
0.0672040419025779
0.8505934521237994
0.2354382694102315
0.2563151293294461
0.36446157885927066
0.9288144209878744
0.022135234252127267
0.1871642845873993
0.3924604574900592
0.04669565993701741
0.7946307036319529
0.998445155123205
0.6603310643410567
0.9728948791351746
0.9025133913283514
0.6918178265410764
0.9540782613227763
0.021709405672807547
0.42590400389045135
0.787938980498504
0.4169981934474174
0.6307633779610142
0.37501110251553826
0.660865031809742
0.4441057172947047
0.018817215042876256
0.028196936699034447
0.39486752903148026
0.12804235202798342
0.9473426285078546
0.26505817205929194
0.9939203775355354
0.5305223386994458
0.010364790458436524
0.9986079203284692
0.5045240687747921
0.2879169862125375
0.8416135176012625
0.07675424348335969
0.16136274594253197
0.6069962933729216
0.5539348946923979
0.21223419020860335
0.26611380771031135
0.35817216374182315
0.4981170189384645
0.682885687916821
0.5926950742643327
0.1915904682703684
0.33327065869838646
0.8374039888772369
0.3683176731814788
0.5947615378025526
0.8989446480274643
0.6074578677909304
0.6764682994413098
0.449954712278009
0.44234255390789534
0.7093597194417578
0.7381930848756033
0.799597192623485
0.3476733406598862
0.3090300882541701
0.6525829161099104
0.08420842417997432
0.10385761697520701
0.831512893161295
0.45160068191146574
0.7504619307431188
0.3480314115042151
0.2631301160941728
0.4919913387453503
0.08806983579496275
0.5461451740075656
0.20216981652759536
0.3534228588155981
0.0593100449755366
0.592133306609008
0.65064684634826
0.08169169575041235
0.9675787355813437
0.7106770324343692
0.11826596876678375
0.17683458790292428
0.5794327940929171
0.7653445470581719
0.6444332483741577
0.38417777001236275
0.6275728980478901
0.066004039672517
0.28394444377191963
0.7299143791372549
0.8107309220476955
0.6245092918201058
0.31923864826575876
0.7175383653388212
0.9758362392716904
0.8741089512420757
0.4002671601386325
0.7967984837300293
0.973924712556173
0.5232175341446801
0.5719335485475223
0.7850318563074179
0.7384689184151456
0.7072666054807595
0.43952782571372584
0.7167620246100059
0.8670688512790827
0.19935864128129976
0.846095868289076
0.8478690874360817
0.018369985304397707
0.6679614540057133
0.09612381955186833
0.14784076365606724
0.5514453573522753
0.3171863890749216
0.8558383905749662
0.2791840819279805
0.24934430245880423
0.13901778777742657
0.5940966958783869
0.4146149769401999
0.45281704015729174
0.542762546054347
0.49442106410107933
0.6988413753123524
0.27927872463554526
0.7849995009512418
0.8939140414745597
0.476371014311187
0.43619329869175694
0.2542144287385262
0.9522459994056203
0.3038086253001604
0.11140642353915431
0.16217963245989298
0.9870250253803046
0.6983013320415823
0.04827423123353558
0.017416750211393772
0.44354492732583917
0.8022861111921009
0.926851375460038
0.3075250284867226
0.26537789462530714
0.5002329361539788
0.4806365619048867
0.22424772167323503
0.1079073139299831
0.7278778851582599
0.9004403320569445
0.013958904386660809
0.8719959076756476
0.4282784545505405
0.14141903579671333
0.3411403388823582
0.7496610439490383
0.15892778003512187
0.8333569018945433
0.46714377710992006
0.8123335860407208
0.7216144508706719
0.18026227424131402
0.7920011531412008
0.5079448826199238
0.41596934888663917
0.9122576755739309
0.2341942863149098
0.5702040199634604
0.1531481527690095
0.832174168052521
0.0361810447823947
0.6176328206825037
0.24374528657081673
0.4831454392771941
0.7442105788491156
0.36554286543078907
0.18138234299096934
0.22123359310024848
0.7583742917224443
0.8796068607857312
0.6034167180346548
0.6445330336491333
0.09694464381293044
0.5736104747044541
0.3937408354829861
0.17566114798986487
0.8577695233473177
0.6056912445825686
0.7632004773524337
0.3975796413427102
0.14268837071112217
0.36797115434777194
0.4312410293116975
0.318918036292813
0.6890142755936375
0.9838915459467505
0.12675896781244833
0.48732580146483273
0.6045203192286608
0.8821635397374974
0.12015158652079139
0.2982290238102199
0.9831769094907599
0.968353337643082
0.7228217558554453
0.6518255273974021
0.8462575839561397
0.3504383409323044
0.40368391316366137
0.5704557353705848
0.16999478945137936
0.11031928995023432
0.9224227987438636
0.16416548067818537
0.36622854465694643
0.6507134655779825
0.8677081018605266
0.1398613467724501
0.7638350086146151
0.4244042743792509
0.1784460593521182
0.6304919379457778
0.6637521572047558
0.7221908445864638
0.6776960310446019
0.7123089991621268
0.9772761482629679
0.05791766194381154
0.9885477212322138
0.8365925059528432
0.29687323539610033
0.11268973208235122
0.5680089477384509
0.14521367897737592
0.058914126419954416
0.003689125061136833
0.6710393803930443
0.9544296858537287
0.605718550674663
0.5399996555757705
0.7030759213769717
0.041983596305903204
0.5702823677425466
0.4896668675552147
0.3807108566347952
0.1171922453402039
0.09311032484913584
0.2758946670390321
0.38912288598328515
0.640704507581231
0.13962440419521616
0.7182922931063418
0.29822929433607914
0.5845111474341136
0.4961203340410296
0.3755042664069308
0.5754110722736738
0.5298414855779294
0.2863032953291449
0.8604121676067629
0.6102840602776167
0.9803307467368707
0.05967122429922589
0.6412291324987245
0.9092516515889728
0.8929037920982046
0.8828744937009294
0.7130245976780556
0.7557856006994876
0.20598198288056246
0.5827074106552177
0.444884495682351
0.14669879004183572
0.9849549567348923
0.5070447570111551
0.49013732513165054
0.40758529964643486
0.8232838709747274
0.5335150421314991
0.46849324827045424
0.30579132880754467
0.19174724218815253
0.9652856601598074
0.4149746466168651
0.9370084047741076
0.31622214708211094
0.9785291720789526
0.12376015618077085
0.38153969469035154
0.9134961263994423
0.3528967599724804
0.11128839560771664
0.9488287954768824
0.2549898485796036
0.08462891041689291
0.20584684947701182
0.9548453341703784
0.30660906933234067
0.4065327341576155
0.3049355858966658
0.39410691732765946
0.6521896311460835
0.4738576463573694
0.8354054717389814
0.8248005493065538
0.6074108097537989
0.2528782337648787
0.8432659124094304
0.09201267819758696
0.532683446291141
0.8395407162057713
0.9658973564841511
0.851098941018039
0.2115545619492718
0.7470239143993105
0.30601781118482907
0.5124621411525832
0.23882372378456163
0.7559025794108365
0.4488596353558889
0.39495127729253054
0.7017533358290968
0.6520852532336929
0.5131032743166815
0.5628353283102456
0.8773585087751863
0.17598072853351998
0.9438877937439147
0.3505425938052207
0.8382011643561653
0.38913429003821065
0.022778679426212145
0.2661159512216329
0.36863897454527295
0.84975495496517
0.3972973196331102
0.7508588146735249
0.3164865261216905
0.7115744743428725
0.5213115532541517
0.64877571167909
0.1409617304460189
0.059279738916916624
0.6150069607609898
0.5403350127807038
0.6654968926964338
0.7249191614094179
0.469787357123137
0.6495626080425878
0.11516298958413373
0.6684016948768967
0.9930660098035924
0.6362285882924457
0.4239739029717391
0.4236067250771436
0.5495221482400181
0.9066960797866612
0.09958165991424295
0.7415658893658161
0.784590651232816
0.6469021366062684
0.18406085629093516
0.060816402842295725
0.2296361503769675
0.6076471780859158
0.05208601443402161
0.6438833361693312
0.9871097609944823
0.0741893381836003
0.13416202975121583
0.7245075372722491
0.16865609897473743
0.03400495519346913
0.37261505151135
0.17747327205866625
0.6918353360123823
0.022960827829486607
0.9100519775581768
0.30686511600579625
0.502753213824723
0.37369070734689114
0.939941308717662
0.06466952529306025
0.8326036021922527
0.9065088586031915
0.11437694541791021
0.330824384636512
0.7980321409211928
0.3208110713344632
0.436232978650666
0.9753595178684584
0.20444829713958335
0.800415849481146
0.6054556255203085
0.5949778273330626
0.7541637670859151
0.3062630083413167
0.13757645236947558
0.49295632375630505
0.8451054639736901
0.4140184824570732
0.2875042172664617
0.9345673198941353
0.47534375348930524
0.029761221296001672
0.14868057380419475
0.9653092729574855
0.6595182707853067
0.27222329685225266
0.22353358111959953
0.1276537392590551
0.3992881334137508
0.07381557017891827
0.19708430727032877
0.6718024120651107
0.2290040149352217
0.275848919533048
0.785700143712615
0.8662172378671367
0.8148981752153635
0.8611221006835235
0.7829665879194405
0.6226834926901799
0.4078694774654612
0.391505955213564
0.3321224288378446
0.7230306311642891
0.7483166542825812
0.3375372900883782
0.912856626867877
0.30748821407031746
0.2610156915078803
0.3042748674463398
0.6931402207275625
0.27345227041174125
0.8311404208500313
0.049538616274925396
0.8494954301616473
0.2499197937137685
0.7249458517961145
0.039453934067449126
0.723350061969023
0.4503025503263378
0.4618302684054283
0.3427200633743661
0.09651267636156557
0.16159518581916954
0.7253645372792217
0.5730614677364911
0.6607146697818995
0.6928386829283064
0.6930200459233105
0.7301430227975132
0.8530766174131195
0.4227099244418209
0.07711040901588162
0.5243446379425314
0.9415299514883426
0.467683695665277
0.5598714886599117
0.5909289325260845
0.15934659961371178
0.5689560324038689
0.020208686635369455
0.07268253620489351
0.6737281063247884
0.7254893214500333
0.5602827924483991
0.17078691339784546
0.9388755437924665
0.3891048034573843
0.9030598378223658
0.9446200299363321
0.4453351418924554
0.7203801646660444
0.4975805936919142
0.44489370135042683
0.09349735519738633
0.17554583713879546
0.6407837320690599
0.4186452139743746
0.9142371637922286
0.1890572818650531
0.9708449055643584
0.15272032854622353
0.9309043491604747
0.18435095085138875
0.002465892295406613
0.22924740674146848
0.20115651718479732
0.08509370166585506
0.07693715841198423
0.4158975783467622
0.871167809501767
0.808576995593105
0.5359424518254969
0.9108159170555337
0.049215654735999426
0.6003753043116482
0.5489488174204271
0.5748225716832873
0.337667397792319
0.5031698342021074
0.7554263053668528
0.47172947982819835
0.0029292191309502336
0.5933310742335283
0.9873776641410419
0.1369534989922263
0.29313226137433546
0.9752051577481033
0.518669362653418
0.8100794743515967
0.5970388706055665
0.811426221354189
0.22953883594315827
0.4737480221755801
0.3846387569106744
0.6819640497553088
0.6142347376993829
0.882748795937585
0.24281466780089755
0.3498178845291111
0.5712666790201706
0.3302329140257123
0.1620768217767492
0.5340644961825767
0.5574589014792937
0.105730823361601
0.2906407213622688
0.6479579918958267
0.32583557646520567
0.4434195223125026
0.3826040904551129
0.6780681798357666
0.2829612830669037
0.008190211792490354
0.946161329621908
0.3061379578252825
0.25042600359475853
0.1962649275358046
0.6271725453839194
0.7832664777584692
0.7585384703993525
0.6922277485406123
0.9160371096507638
0.759191829099257
0.8767363765263199
0.5890295608128393
0.21875662707192878
0.42903410749416415
0.8130839148710938
0.27724457947688097
0.606704661333332
0.11983669958640042
0.7733631319835863
0.7478271282508875
0.6934854461626128
0.6011710699277022
0.3497031363853478
0.4701248787851624
0.3520024195068978
0.4525233899023504
0.8398410376178753
0.3967736069603016
0.7631677123571976
0.6097195753944669
0.2743557096586786
0.22338319400218531
0.9896840054083014
0.629933130181672
0.4192733430066393
0.7184586638983312
0.3893513150447767
0.05065853349186833
0.623024260574552
0.724413700623981
0.30994043178810626
0.7815018969655123
0.43396133647951896
0.14964357188173794
0.9155430997601248
0.7605708763367474
0.8755022736942377
0.22765462275635118
0.9358512251702256
0.8952485188138768
0.3784668599443357
0.2588750140280571
0.058890840445053216
0.5484465569084298
0.2644542307074249
0.16566409067975907
0.8858690696687361
0.9815753791547535
0.2199790507951691
0.8702123465009435
0.48267126974361707
0.8824745528663298
0.9839667180803009
0.43787725649570963
0.41194576561974094
0.5257737504168494
0.27290830031350644
0.3983593892597195
0.5295508395608073
0.3342923189246232
0.14549883781337924
0.34353645328388627
0.06766213863764237
0.7984257475625915
0.2243372406440589
0.5412168414950407
0.8913864243719598
0.8051667413581334
0.7284236741244867
0.14948768852740546
0.41388180313675393
0.2913244294902473
0.6140895244577063
0.12015168506789164
0.06508042034620698
0.46101565482735163
0.43951110323401243
0.13212402395130596
0.8081121746238684
0.39737457914652663
0.5040180150395468
0.9741563480206472
0.17018895257217537
0.8129405706943051
0.20181898042677715
0.808172236361151
0.273377519967678
0.4278529337914765
0.8574811157852282
0.5934242326914378
0.44441025353329455
0.0634746621839537
0.38807683578589725
0.09081613962805535
0.11733224585808744
0.42623143794149354
0.08102182552086101
0.10267741452138868
0.1442379075609752
0.3775507907504687
0.4296669887436475
0.43815212284252936
0.6802992139377351
0.1730082638099779
0.6205619161924198
0.3405410579903818
0.5626200096785472
0.8299473751959736
0.13838556346003839
0.36013245009322414
0.8541006254280503
0.40779811328954607
0.6721931734432975
0.9286203051137338
0.09954759462212381
0.9936201083202378
0.9892319668592837
0.22977021380646345
0.035295682967845465
0.8574407211386508
0.6440082391316682
0.5442146187375545
0.8206632113002148
0.8178001120713603
0.060268772089451916
0.1768298241355133
0.442429166670008
0.49041184885527755
0.9337185787527793
0.610979764196393
0.8039992484959837
0.33140727873337905
0.4413779974901786
0.14633662040595952
0.9574863670834861
0.5470445147259162
0.8103726384212084
0.27306100718382864
0.7956131167906848
0.7481347939775258
0.7809421086301331
0.826620275087661
0.8359587645519742
0.8025707165296214
0.8847076478225082
0.9717418682170038
0.9891302739466423
0.4961748280716518
0.7991866654670008
0.11969567227860956
0.2614033968954137
0.8821751675404337
0.2597550788176697
0.32189431080828723
0.4556761047406179
0.38571911449590557
0.2596411130428695
0.8752539766248657
0.5419283720545904
0.7297310414739544
0.8269392857522757
0.9579576338693825
0.9262383833081955
0.24836027560372909
0.3842680125341389
0.8694163006422546
0.8933523359150621
0.1428301975301962
0.277345600724068
0.032111385656885316
0.783001633034615
0.07754500066929726
0.32809863391677796
0.9842599794904754
0.6934593810452534
0.41777758954170396
0.17620950407578984
0.7332331114621404
0.5889018800384087
0.9855610880587355
0.14383972385099808
0.4733551003928176
0.15084698213001024
0.6604570900207078
0.4259286464574794
0.13803933093610832
0.43331091038687886
0.8647122919435861
0.18327823405573596
0.3433128968080046
0.2178555871756198
0.6769738630001194
0.9045849033831039
0.5980757323549093
0.7678676404305882
0.7040727080018221
0.6759923935473604
0.5751485591747616
0.9465706182331515
0.2832227426407534
0.17494076653269763
0.5304688390738364
0.2871280553991349
0.2900293496018729
0.5517284081853084
0.8204375060177216
0.013962698579407018
0.4160189428192498
0.6992761166216117
0.03600911973864784
0.8505651549041822
0.831528661074658
0.10805316068621229
0.9948169923915167
0.9139500490570747
0.5948867662965998
0.22236649332117397
0.2259068275617282
0.5720522165719386
0.4383022571236306
0.38570800417700424
0.3109793420327063
0.11885468044604908
0.04153879114631587
0.8530719096590791
0.5266243837913505
0.26811241404777575
0.6321274865112707
0.31029593631795604
0.21936585323995206
0.38143723982714484
0.2702172821296047
0.5740093997449842
0.36490770625469104
0.014033393765721325
0.547902272154668
0.8679849952595002
0.9415215500443159
0.5966100035176682
0.518562364506999
0.13839407318228125
0.24221683927169502
0.8999520317834238
0.7748338393250942
0.4714685838596482
0.4195301409790826
0.4941201958684103
0.9875576091124816
0.9900072995108784
0.4253677658533155
0.4325216819748221
0.29827864029629714
0.8785668072318658
0.08755954716974013
0.09648001670941553
0.11875319188194622
0.5902349812870595
0.47080769814966517
0.16034193132349062
0.8534497074765925
0.6734576664158922
0.390233567896203
0.7014063452156203
0.5307997002845539
0.09218292118138693
0.2890525538362745
0.558913957121248
0.358070298442009
0.6418356251741051
0.9011809018932397
0.9822135431169421
0.48867355571629245
0.5055078984588282
0.8695914860771699
0.34080613917889435
0.8709521235076287
0.07392530812224174
0.7286200898882365
0.7384791114752087
0.10715987805024763
0.7187527491708094
0.9105709842572436
0.8778074235273141
0.012620050984586406
0.6776036417579181
0.8578173131347637
0.4896104813909685
0.34226805630175106
0.7535403953926771
0.9118199355311081
0.8702022028727017
0.16087823246144395
0.569715079825839
0.5446198877079129
0.5714693241008169
0.5599228877744409
0.5816660575148629
0.603929486403038
0.503051006537323
0.3000798550564565
0.509451912270996
0.8344955222863388
0.5832708054251257
0.924821516203371
0.8080877894361134
0.4162116159399538
0.4052337616451178
0.07430029014697181
0.9106498961422975
0.3901670728116513
0.6433231684182581
0.7489508855218077
0.9729011503509135
0.9283881816244037
0.25351228187040564
0.2694468938356671
0.5930505920596221
0.9466246888970464
0.29578239124832617
0.18240441072353986
0.9501004330308729
0.031178347599718714
0.2797151242538194
0.3259905750527097
0.612192192534694
0.5478952920667548
0.7074954987333879
0.9495130631633935
0.35508364928197533
0.35435339500277596
0.06306117268951072
0.39998779885410474
0.7492894669804877
0.669245145499296
0.11626717561943378
0.5412866256256124
0.6969423713955065
0.7578402998165301
0.006516432671185957
0.9640159997238724
0.7388148968105333
0.5979890327485629
0.10726510980226744
0.13165646293755517
0.1313837447106363
0.30228279792853163
0.89174710031491
0.1383536966754504
0.6314924624857416
0.7795500516688108
0.896518676425873
0.2423900675541173
0.5485556099192008
0.7260389498378585
0.5327118112817197
0.3098828733810872
0.4707310516332388
0.9698922349183454
0.699045587629878
0.7194682172633531
0.460159695345697
0.00833433557473584
0.004580654196208789
0.1683945016265327
0.25398415591645396
0.5190400915468989
0.4528909144263591
0.8650382274164448
0.8898439465657548
0.48938896525870246
0.0271424716269133
0.8066546001506998
0.12473425928645576
0.6867000462051112
0.6191064599566403
0.8213706058431942
0.9364296915142953
0.15213916382350234
0.40376383379308556
0.3229508824548968
0.17251637336965975
0.22373674578036518
0.23817163352604398
0.0384101425820218
0.5658739208239185
0.760106048209914
0.2857943756982657
0.7861739022802423
0.8274243645731165
0.5886103765055142
0.39487400052092814
0.7857129857187135
0.9987788240024003
0.5693262186096604
0.8450659643088152
0.8856180121811319
0.7529727169904248
0.4652786447827666
0.5141813778077868
0.7039007101100545
0.12777083923584165
0.4877497998511864
0.38212128224938624
0.03635406806374086
0.664418469455093
0.8660981374664349
0.35304539900893883
0.8337355811554517
0.46099331222898465
0.817939085639598
0.6285320090533231
0.8955742290259039
0.6215651043429264
0.9285512026419669
0.07133040825622472
0.5042836013296836
0.41886465048651345
0.39805837883431594
0.8925280959937489
0.39527081665377106
0.31252623916488265
0.6615231218810962
0.15688236993818672
0.9111012218209462
0.578997596468307
0.5077575683164326
0.6439841891445428
0.4046346668009466
0.9893768731873656
0.6240916537344627
0.5549643623875915
0.8329552309370469
0.4319206408967302
0.7855009825077901
0.17244528251085
0.8630114838905452
0.9557436274984166
0.4135834134260121
0.477704114680954
0.3343762996141262
0.6267021987796
0.6565229896565166
0.8854105033738151
0.32235859171043435
0.5373360634775224
0.5750360724669916
0.7687272212633387
0.31444534777226973
0.8876895784962435
0.05803719295434484
0.4805265444189344
0.4671814318813605
0.003660373024598762
0.0965952406060735
0.017476652231138257
0.2233553224583955
0.7779372542137675
0.5099822741465028
0.5479957904534352
0.570792450887424
0.5800154144406395
0.668428363739995
0.49751037580478874
0.7031813675953205
0.6427056898406125
0.2806690397568803
0.6253690152369986
0.7597210425538676
0.27457624578922935
0.7804146240287335
0.9538324850119726
0.2777634987680564
0.10242374174926594
0.07561358202644652
0.30592391483899295
0.8945817828644447
0.960058022158774
0.5586606516740071
0.21508091086531467
0.07665342355599969
0.8169330359563867
0.43733867245013247
0.6277322013302533
0.7234064484397917
0.6251964337155225
0.23610325079694583
0.07371441244953392
0.24820776907496445
0.5433016500190322
0.06594524526645995
0.0737297434769646
0.982543834068174
0.0056897566587286175
0.7994994610653885
0.7401152115927536
0.8987776883601228
0.8294275794395054
0.7180340965731455
0.28600641936720184
0.19019261011268784
0.18576006614501517
0.5650335575117333
0.6539325737183739
0.12198552610319324
0.9274464113373153
0.668495686787457
0.16460302936616822
0.7434197569844281
0.1498306385257353
0.4411038949694497
0.3459377968172903
0.07702819499457836
0.03279824801882514
0.9386132891871979
0.4831936290413714
0.359907194979215
0.02121605993874498
0.11759136370957846
0.7795624284621694
0.3170595753375307
0.6024943559122142
0.017576869527489603
0.6271060576572034
0.6523507169100786
0.8670960654755167
0.21320642441533222
0.4063714822785671
0.25021451528150007
0.6687423254378724
0.6568245927320013
0.5123020919803034
0.26808481171781384
0.5703858587826374
0.9650928803907446
0.8917432473966678
0.2711837640272534
0.6272686498187985
0.613634209366827
0.6812360634643604
0.6873612052110816
0.33886094424218305
0.9864993350510962
0.8095028583389818
0.029138559516353357
0.7337583002313197
0.24216943060554752
0.1202905884104799
0.4338329737746289
0.9258773235195616
0.18560203314026458
0.4883530989859872
0.7904868761534725
0.4112221689743709
0.747563521545761
0.23576288937016
0.5416282636836371
0.6184555072614222
0.3177385771642316
0.5936928824795669
0.8627128974786664
0.18644700255149949
0.415170876436725
0.9489151146485677
0.2439825784512406
0.5623288595561009
0.9245227858343188
0.4424846496149646
0.99422542909795
0.36535339335725214
0.18487625310695233
0.598715710167147
0.9258888847181375
0.699841731259861
0.7613828353338554
0.0392066258601631
0.8922968923404095
0.8065541709728763
0.1726232042210636
0.8529016503941762
0.2006369263440606
0.9025147269167244
0.2848644114597372
0.709578685337515
0.07539339526394206
0.7557130122633751
0.06177978100019321
0.09519948300653547
0.005963515449559198
0.51227721643333
0.6459176358632854
0.05196384727415082
0.7933276266537153
0.08576715337729435
0.42660923702222275
0.37963977973816765
0.861999491124533
0.8897589506118007
0.5754388543950084
0.30103560412036034
0.14157214128295603
0.9754074269122974
0.2899271636977545
0.559608883819503
0.5892987232394324
0.11625353023325768
0.8061252234907941
0.9621268466766033
0.06447515749372612
0.9482331656980201
0.21403771991048215
0.06843608971987547
0.5076108490511311
0.7147549165251472
0.91150885115002
0.8485799636667741
0.3645883889736685
0.3662159979735857
0.9349689847055198
0.007348015054818635
0.9369749945311678
0.7859978545780371
0.7451838740382837
0.9417659282070809
0.003368172597502328
0.6261952254808925
0.2983538582235876
0.584875715791785
0.781098938042224
0.7469021010368297
0.8053889680070037
0.10591620889470188
0.5870587320567751
0.2977255932155738
0.10341450073866065
0.7030920498973949
0.11235759809405721
0.3075296663760281
0.6106027265822034
0.981116210949327
0.37863389290360794
0.20552125273064492
0.020929502653935117
0.8829870404874678
0.6881521159618667
0.5612295480845964
0.533989139441825
0.9085080825404803
0.36137421461755204
0.8163876331586262
0.18364634816824443
0.2706144373092636
0.7228088705163644
0.37575750933729735
0.7953371828912277
0.7460158127976564
0.10642675173633265
0.22821950959213488
0.8680083863592594
0.2985545429472558
0.9427626462024363
0.26623446482085766
0.5537444614636855
0.14041487356356042
0.10948341564371633
0.057614209296786845
0.11613558325052731
0.5775943697729824
0.6710300271719107
0.20391608001636707
0.17783786349365083
0.7395284894942844
0.326220624027336
0.5577837801295384
0.7920111923405868
0.08526070695416577
0.33147671332751627
0.929275841780731
0.27522052924791196
0.37102942488292934
0.979844151765213
0.65697794220636
0.5308255336641392
0.31943444789978903
0.6347706718759498
0.7448223538894414
0.11398473881081128
0.631450364126847
0.0648774623281807
0.8618280217188019
0.6286877188568754
0.5270941072552686
0.03413179604057848
0.2091220289276512
0.3111195416339074
0.12174618480167232
0.940699399741789
0.7966821663609129
0.03719195289703725
0.9360768682347309
0.8450347119719155
0.6650007717137028
0.39849713897531536
0.6729501095425534
0.18779021057249734
0.4782036277282544
0.7799408014388318
0.3526652910704251
0.29635447374489665
0.8329428194975974
0.20113140014307018
0.5978801855094473
0.27704912665976056
0.8148315767849028
0.018239112990398043
0.6992006899788346
0.5615107905529511
0.6531788113898538
0.7138463556253383
0.7597117145168579
0.02693587807067832
0.215769329879836
0.08028166981642637
0.23906895435882447
0.934367050939412
0.32968996934016004
0.10939299224089716
0.2663335944474632
0.2846611192697104
0.9221067540033343
0.9549139356514784
0.08289984872564493
0.9336098045424384
0.8314975140581788
0.23036007425566507
0.9270864087123485
0.4702355168583745
0.48248197432047424
0.11138535506454605
0.20707404325678702
0.30257271316707435
0.6540391265179297
0.9135973894603284
0.5970213884133355
0.6238089886250775
0.46796407566379195
0.9326018084900667
0.050471667215871374
0.32846911958219716
0.16836099332755627
0.8970113619726052
0.8218502635885532
0.9583150033602617
0.9091404223070214
0.13205269263888697
0.01656244300731835
0.2753788928430645
0.563599965731939
0.5895395299809072
0.04981671187775483
0.8659570679506383
0.39842667943791943
0.5861382419358439
0.6268658702029293
0.8365708570866386
0.7268833047791265
0.589879999572436
0.8722772053680428
0.6389147421785528
0.9550457793782485
0.9111783939381692
0.7447880705759291
0.8691292432299649
0.08846845513965129
0.8118216722823766
0.6295671396720477
0.6778687441221605
0.09484614350592424
0.9019460241135038
0.6726309711716203
0.11317898199387977
0.7879826218923465
0.8317940622490807
0.12165219314246745
0.2677112160963311
0.6315843141632567
0.9009121157431423
0.6432782249571187
0.6352152920937724
0.6127652730432884
0.32587464210883965
0.8689427196547861
0.0060402171646938285
0.7580462841815274
0.26538601862141475
0.8400456974079011
0.9025646451854776
0.6998729266576911
0.36228140635195905
0.5072557779784113
0.6323645556100539
0.9845620292949955
0.6102484060006119
0.8337002833195382
0.28826624157630065
0.12689047025285372
0.6582076821307852
0.14399930107522652
0.8300123910064618
0.4123101652145633
0.6622236249015692
0.04757774669191894
0.827618800677506
0.1503328609543897
0.8041395682973034
0.311985300810635
0.5392222744646102
0.9962090154893146
0.39721771287521035
0.10072488143915614
0.3912395348315769
0.9947328853183168
0.18123391441233672
0.3502214149100489
0.27334695997420666
0.6210772799398911
0.378291755190135
0.2319484844498021
0.7579981015465183
0.4806148767038574
0.42728296978018143
0.009818319157960165
0.8667627678760568
0.40419446782822366
0.4332233866874782
0.14341979298385055
0.7144150826293152
0.2808719379190221
0.9097516741531628
0.9518618322890746
0.9400961696369541
0.3940724173730987
0.892159315422812
0.728956655625469
0.35700075840911993
0.49380227666155463
0.24751479234559093
0.21284831953055194
0.04780587006190973
0.10366207910092862
0.25798135774006736
0.9972706804548417
0.5345887047345819
0.9207586504940724
0.45626271225190007
0.08670061059411482
0.6318693014692522
0.040426725201699654
0.06147287258882561
0.7667804696853513
0.9039198654601168
0.8482374689922694
0.06617315180495842
0.4943620034494032
0.6518686627958727
0.6662933543419458
0.14439038631502799
0.7972600585545222
0.275899306884271
0.042214580944330615
0.9369255267343546
0.7981665051218922
0.8198102928026141
0.3739035925805829
0.6064800001784809
0.8423440603677379
0.08117833550600628
0.21995896994096809
0.31946888824109254
0.5951977806651092
0.6128342215994085
0.4730074043200725
0.9815472646267016
0.13593859565693944
0.5277259333189643
0.023890549309424802
0.11390474922877969
0.23828863007437406
0.6345992661762085
0.7077746339486126
0.797852629110616
0.35352842582284505
0.9726670645242119
0.4919891938837391
0.48733786096934995
0.6236897182746961
0.6166698776456019
0.32337117483612143
0.6097985231440497
0.6272594198498935
0.14618053836295775
0.939209176604973
0.39831512328869434
0.4045464487770387
0.3283682748252763
0.8424201753384428
0.9848286773685422
0.9947357985011636
0.007848942902838107
0.9846235145773883
0.029464362930015753
0.883867569563207
0.22997488985311088
0.151651517316842
0.3986333765812162
0.5364763161649653
0.14034497995202289
0.5409144347205321
0.5151495138660185
0.026105245318112758
0.006847854590626312
0.4639985757174647
0.9172652332331426
0.671562848362198
0.044980599925249276
0.860369336844165
0.600864344445363
0.3251287607788449
0.9641631744403392
0.9605165411341052
0.3427836488999687
0.05301066894441009
0.557751655900572
0.3469681781224885
0.4156489802010004
0.8153754537797875
0.15730745789904566
0.4711385677739002
0.10676330410712898
0.620902962479075
0.07152551746874902
0.4956556101001819
0.038792240896647456
0.9929060173810482
0.7736771260188968
0.32675084674276844
0.9756758317072232
0.06027875357374879
0.07107770480603004
0.8223536726274197
0.7009435668800583
0.16972258764493975
0.2083512384082391
0.09627230972114598
0.6116571564393662
0.1426561709992027
0.30774607174683166
0.9587287797491297
0.1675560830803906
0.23842282072002075
0.972843878740854
0.3268557123994813
0.503660452559662
0.89149696684048
0.9335239019753161
0.47369405494465866
0.2857726379887695
0.9745495027437345
0.16607787203102964
0.7489632202272223
0.6838632939878515
0.07670107714637853
0.3702638566407781
0.9449534071589811
0.8511902793851298
0.9288067671059885
0.42103287469846307
0.46610382420922325
0.44522589090281306
0.3067207884067611
0.34893287380898363
0.25133554185865226
0.30206218706516386
0.04330764959243094
0.7339361975810874
0.5222438036415338
0.8571548236793367
0.015802481781821198
0.19364907188835634
0.487093252588249
0.9151658598803603
0.9704279589073193
0.9022817382865196
0.3322088504476266
0.7554852918613271
0.33220451864267697
0.9470742607002123
0.29367604892340937
0.2081014002956334
0.8065428504660574
0.7757792488296249
0.8272435951095811
0.1906019012539768
0.758065027646311
0.977744724550003
0.4439611034364892
0.6136465154690862
0.48051269930477525
0.7872181076320834
0.42102265405582484
0.22255648696261932
0.4365188974106715
0.707699983704978
0.07955462391184254
0.5900898458111916
0.1324459166440477
0.7805906383097592
0.9111386858325434
0.06022957606292545
0.20511708313170862
0.6425766529836756
0.7161659390415305
0.2659991094414538
0.6643001794467642
0.14180760825440109
0.6596047686473121
0.04584234531458753
0.8933522245849725
0.20458302953437335
0.6326318231530512
0.9138554546243385
0.1106169981644407
0.7230556628671352
0.867802338923019
0.9796191379512493
0.5759000000340175
0.7114971565860666
0.18439249656612033
0.0874954801518506
0.30525008786561836
0.2090836601675259
0.4475830445560933
0.14374477900970373
0.23243925390853204
0.18768701534726273
0.4882247710240337
0.0075605256979467406
0.4898431791965787
0.9380831230930922
0.7670624055765309
0.8443241804690018
0.04711841449674159
0.40224080198675094
0.4671276972190921
0.43643321426895
0.9784607526164364
0.13530859154417452
0.03352957530316569
0.14092181905223633
0.3330286847790851
0.48052722003014603
0.8481401051508055
0.2423819885628533
0.062486234721627065
0.29793111628142155
0.21935511171189814
0.767988679530095
0.7768133196476257
0.16428057912395744
0.057648412788837256
0.12369296126309459
0.24754909489479915
0.9156199471457627
0.8617561916307048
0.9916068011704116
0.003859188658822843
0.4160507925833865
0.1814410667258417
0.20906611960947963
0.04943877906975591
0.9386057782211901
0.8047401021458997
0.2953116000885567
0.8374534825590276
0.38701271507184853
0.4866666586124637
0.12258933619916457
0.4213348848979097
0.24534839541742182
0.795576381155084
0.5738858914890914
0.033975800389424604
0.2637915038503813
0.9792221268921537
0.15771171581417542
0.1777268505647125
0.6010631349513633
0.8837285623230346
0.4515200410309659
0.1863451964527416
0.5557404201031193
0.3409721224644584
0.354198005896901
0.5975329477809419
0.831889954393707
0.9527499617578725
0.020499770373580972
0.9633133933788665
0.824594162763955
0.3049295348840775
0.6291365536994924
0.26596404429836706
0.2614783871323276
0.334637652860752
0.08171726442049954
0.29940600153620434
0.8855964963674361
0.24771416717407213
0.24475552402525125
0.31569574875579454
0.4862040252009767
0.7037063855907844
0.21717802505916062
0.36045473486173796
0.4049138826068941
0.5440994445409149
0.007742108251431734
0.3114797882120339
0.5998188990388511
0.27247818324715345
0.4207526053024244
0.33107280360097424
0.43747100223387547
0.5047679490664223
0.15062760981391565
0.2767660444313218
0.7362073662900102
0.512321117264315
0.9045279927135781
0.5573250937908674
0.17037170860521234
0.8949975005194017
0.019184574944852928
0.1720132122720477
0.075207270652357
0.5940931398075735
0.9574799688089775
0.8046863610538411
0.40257502555399083
0.8819838584497268
0.27899010539168434
0.9932993566712263
0.4610212554143931
0.5340242053705784
0.03350932100630222
0.9251560548502995
0.01384525509996748
0.13230508936504481
0.6730270728304635
0.8967577653931618
0.05772092797958073
0.7440477177499629
0.11186697552773595
0.39328639083338346
0.7706554573421383
0.35604191426017207
0.35406082456258514
0.9644425928928049
0.8685048282186023
0.8395547403775234
0.09643997415722727
0.09650125449711444
0.35888385063719563
0.11716233344058402
0.8545548744142291
0.4199403391344696
0.24643776017607633
0.5617364010932246
0.5402874609717214
0.059068513846656234
0.12179644828560932
0.40086515519473087
0.10809890461488414
0.3451003059050801
0.5786455766386096
0.7077035080733016
0.5037467186452749
0.45134956661984726
0.5761338242709948
0.3372863351804145
0.5293404291899946
0.7652162738666206
0.8538057439140894
0.12279133845399404
0.554644962336821
0.1720911407164003
0.38135611212358
0.22547129617906658
0.665197160872963
0.6845242171068733
0.7537779164314091
0.46344171218590424
0.9160259252294078
0.4627170823558082
0.42818950001552514
0.7363360800556704
0.6685252840057001
0.8494640068335186
0.7290677563953751
0.17988461600424444
0.4581371602438691
0.7029797324325342
0.7101325289420046
0.9829588789285257
0.7174505056146594
0.8723165288114068
0.48291223059308996
0.9564766322829104
0.713610411692978
0.6204821958712246
0.8503955819131763
0.2765275044264166
0.8480809943123646
0.471431063165626
0.17699466075806525
0.046113050939967204
0.7615082461882714
0.9794210699880179
0.11777687711296392
0.6266655576198332
0.9151100792372431
0.7218363090273558
0.05708653918360329
0.774362129374931
0.9336926641623735
0.8013915438422343
0.6061868067878164
0.7666036115850288
0.6062113041815109
0.03902080838188904
0.34283361778023336
0.3523442560489438
0.8940066256157866
0.779498451103317
0.5407404262057285
0.9737744926917571
0.1715218111865089
0.8565003476927668
0.8261196357403615
0.3944474539310179
0.11582087226190851
0.9027401306941558
0.5579799041347329
0.26571191913173275
0.6887843398285691
0.18515394696256582
0.8658923399464031
0.19585182423198977
0.8780188174993944
0.05318925056175172
0.700517235234549
0.2758891341235692
0.10792541591490945
0.6718962198788967
0.21492287051772818
0.659767144143302
0.3015015724183583
0.9990707751476224
0.018939004403925486
0.41548592524195027
0.7011845133877401
0.38891903806761907
0.14236570825185657
0.052166835478753226
0.6617337072611564
0.2370475386503068
0.45611282987604174
0.12015962449910922
0.01212401392396667
0.3533049433592861
0.7777561682275744
0.4272213465579082
0.6679153983618027
0.45349147953458124
0.35247995916348507
0.5767297308272934
0.16065481783812152
0.9652222283967606
0.05514267405074502
0.14021329349507372
0.82899867786756
0.6326876767937248
0.2129985646278687
0.6207218063413935
0.8738002558983795
0.09193360669237949
0.43838505040240827
0.3753680851919672
0.5510836239853567
0.44905705417254893
0.6376534843914761
0.10111125553791411
0.40440470660344285
0.8437157856952846
0.6432744275933588
0.9334891976520245
0.026189979177903666
0.09776093283106535
0.5982136333824337
0.9566949189128624
0.26556326884677284
0.016332509807707618
0.41069194314334756
0.5796405940131233
0.8526267301848931
0.8561343008762154
0.47988488099664495
0.38340473553112586
0.29519022057299504
0.9343452510628312
0.9977441763920865
0.5906520471728536
0.7599164140912011
0.1192869230609519
0.03864723998825381
0.57718438888904
0.8688439872401164
0.14091246944211044
0.7854207402904985
0.9813696949729236
0.7891969582377312
0.9933603680249312
0.823715353993564
0.3456654086471309
0.9678700705623953
0.9175094676486402
0.9564859416525695
0.2529616976132296
0.21521380188883477
0.476467807178907
0.7973083913376147
0.36369620409225156
0.0061768175571705886
0.8674999450614715
0.1781889575936979
0.20736403215947719
0.6613118891202336
0.9478771883388977
0.49263401945833474
0.07926606520004653
0.8750336579162721
0.7063257308706277
0.08385913739013362
0.5587309386235442
0.528044029003991
0.3871256694724954
0.07188667100856527
0.46347898964937206
0.6151747610617337
0.3652952609973348
0.3316781454441282
0.7591459532390492
0.2338206654902919
0.8542727914836079
0.5096816481377504
0.9264109724853615
0.5674818446109404
0.053588414551442476
0.5781513615613152
0.2607539416187634
0.29305681099231884
0.9193816669739729
0.46802489346169973
0.38252380257410534
0.761486944236037
0.4725536671565529
0.45442110603132324
0.034160022869150986
0.7384214455360147
0.9861071237732382
0.6075632398926287
0.8358283538949478
0.7888432644499055
0.23176492733703324
0.2607973759940343
0.8199374441884402
0.3083674309746296
0.8589135962780929
0.9507284583137408
0.4404409424826059
0.25251053860481876
0.09610299436237013
0.4227194266333236
0.6411851647027342
0.2701834848673432
0.015351741308070377
0.08368505064356024
0.36435878306283387
0.5032784231236587
0.45464182833647304
0.6322689384429139
0.7105882302551103
0.6348710805708926
0.16003274122322186
0.7575304161381293
0.46722293064319964
0.7042073100763548
0.23552903359448574
0.6481509075373948
0.3372030030837776
0.6716754477347686
0.6724422890952093
0.3967007338432649
0.9333429397142485
0.8055742789072817
0.2926439445271165
0.22008801209480366
0.19984906105355305
0.03793354252520165
0.23207023367598856
0.24177436009872677
0.5311293117476314
0.48548972669614554
0.16983739419439936
0.04251592975367191
0.9739776291382332
0.84774619805254
0.5119602554863758
0.4727606869779337
0.11137937135053289
0.9394138548487263
0.009327566616644578
0.5856396125216881
0.14839186145110506
0.7467807544097438
0.6299882491745494
0.045910406940770976
0.1894954698922624
0.444306388162208
0.3756085793150479
0.21100692321821835
0.8496495101705701
0.12703840084123663
0.9584091697241377
0.3942941614288722
0.5642102022752846
0.1404830517522213
0.8594084260143844
0.038759325738301875
0.4071025294556061
0.25822620159234155
0.7965346168288401
0.908656317344106
0.29300911796541573
0.2162606794185613
0.8096599028074023
0.9931845668470494
0.8524061405241261
0.5277171868347896
0.9789392630986153
0.15303498698566687
0.6018936997463404
0.21362310930326522
0.62535189355883
0.8164635231528068
0.6634011904962478
0.9585994724763323
0.4142691080420611
0.5974198678803091
0.4918908482527795
0.09479497090659406
0.7194957020143431
0.5707738127680493
0.8100935447966628
0.4451368651699763
0.03959107058420175
0.2490118615220862
0.3335989127336314
0.9871868136279214
0.45274119225478704
0.8973206955603601
0.8458669475748577
0.6902970974960669
0.49289785359160065
0.15633602726582763
0.8465331901133955
0.27402101693529946
0.5830676487341571
0.9311579905218759
0.9968709058820515
0.30417827543901366
0.8483347342825092
0.5022594364913122
0.30444929692128686
0.6097681663442471
0.3506319148699746
0.31300619585494105
0.2628944045114423
0.5611722452905501
0.04679127976690234
0.6867535376123712
0.1887936237105008
0.8436354553720591
0.6967846388726102
0.9620966115846012
0.05584376101506705
0.6483709173992565
0.09130118587821956
0.2339692919188523
0.5679797671631881
0.36058965273186816
0.7989818465109335
0.4209943221231425
0.8960863558741508
0.2902898297439296
0.9082712762814136
0.39261934957853506
0.6840563659309986
0.21734813169741352
0.052342131913986734
0.3179089583390786
0.8535082994167162
0.7575386498604897
0.5647754047915925
0.22271962765954467
0.36851078738759435
0.2055674423437286
0.29536977836409894
0.266318228278422
0.255516804508221
0.5704611992113586
0.6323753880991849
0.32968286963713567
0.18071371223516297
0.058811788444842916
0.502705672689757
0.7486297751366453
0.835213620022929
0.3944742893259783
0.08129155535509835
0.517612319774909
0.6714103805960392
0.15526338799316375
0.36185293434075305
0.8557453570056275
0.7737791320047529
0.16757542870961006
0.9481770161923966
0.011390988447514294
0.7644612287541581
0.6453753060542633
0.14672931162425207
0.2647702711702664
0.7060590366278046
0.19095195605334525
0.3495534146699222
0.8085686175897724
0.17724340368554414
0.4622951748873394
0.4089614742904186
0.1952379002916267
0.03456892692512348
0.49065175012412343
0.232560178213556
0.6272947945938081
0.3771652376396428
0.1679164820720218
0.2769921235655872
0.12778518214965895
0.9423333668616605
0.08369748104431096
0.9452512716966988
0.315758687044694
0.7091274622512564
0.9596044232357357
0.3303465206294782
0.9724414250068627
0.49560914099264863
0.6174575478704127
0.15890473530823157
0.5937642783194059
0.659074475036997
0.7831627563100272
0.34403744873961917
0.5403232126903605
0.2979824525906345
0.007350862491434906
0.5535499510292512
0.024356551159977258
0.273505690843318
0.9151869550647997
0.10133793120905943
0.10463146959294822
0.9142621523832188
0.9474590988925602
0.41360126613591053
0.8395186768626883
0.06059567102384977
0.5016597173772726
0.6733151085445159
0.6227062329494752
0.39494415561340945
0.4964825888617548
0.4989225657288001
0.9333713903345655
0.5731434862771823
0.6547922397551318
0.20034752789448684
0.5504268668734256
0.582583906531851
0.5078963155810012
0.35891367512594763
0.9605627091023952
0.4761805930486849
0.4082759783947445
0.7261145277209893
0.9914293488867341
0.3612493978282123
0.7166939901323912
0.7630173864702587
0.6349313678104738
0.07372496852955268
0.27875705534021766
0.37708990324768754
0.2317971332831943
0.49185611264898466
0.5823169675674182
0.55116818586938
0.6988283370231394
0.6845805333912938
0.015013036344426967
0.9101676682487443
0.3594623327299338
0.608184668509002
0.23298282911516321
0.8219276868070795
0.047283229349327716
0.49272934120548406
0.533448858933909
0.25311894378969857
0.1929061803842722
0.12247006374973357
0.388443554204412
0.4641480478906963
0.9530053007638857
0.3846907341922161
0.7364849483640348
0.16382652717255208
0.28050653299748984
0.48654312475335404
0.016657064494556062
0.9413917462955648
0.5118894849309752
0.6576882208401706
0.7691762732830831
0.3931741221232019
0.7152295773146242
0.6162037442270738
0.38913065165786254
0.38748350231719186
0.4196497248298112
0.30392968070169335
0.07797417518554273
0.5042095313299115
0.8678038527786152
0.9160972637473392
0.22541377804680107
0.1324845150942926
0.2631330709531936
0.21550517977583028
0.27167086914423866
0.5415991559829918
0.6377996466771831
0.24004793113455203
0.5798414104791114
0.1491000613829383
0.19080409820411992
0.34371667786851234
0.8979984876883655
0.7104826606794701
0.5990584458436787
0.910835905112209
0.2895872501351049
0.9983478351069084
0.3064192218252173
0.6604939722605321
0.6482520194254722
0.20366580124594158
0.639881949717835
0.831965832460672
0.05788521913056632
0.6706626338171222
0.14326358395423355
0.6820434827630988
0.7572318086290664
0.7602180819245024
0.0259717404429316
0.9383075365998323
0.5360691727830307
0.6212142996571661
0.8715246338959624
0.7897145525749698
0.06255952945584187
0.21346876319187835
0.9078821645537343
0.7351134831055601
0.515647224001424
0.2692688102212981
0.24313719490538843
0.8283702215560402
0.14292659114530704
0.14967661079689942
0.821727815332395
0.41646183851275875
0.7834376654507784
0.7323523615867493
0.3718343214240898
0.44240283205501996
0.936810404028493
0.2737397620761719
0.42454379463083836
0.2744209537008522
0.814647355947894
0.6604723465044462
0.3912266577911072
0.8788438072109812
0.7414265610109931
0.6819763248774371
0.17009246936598754
0.2374503546920972
0.6970498890408681
0.8617544244652082
0.5134031018377982
0.37262741543862155
0.398848292300678
0.2705584038079465
0.9145960990892215
0.14246036457206945
0.9667301466836637
0.47888560688151993
0.6499131218646514
0.9495849407504233
0.752158519271076
0.037027841055050414
0.9202721900506745
0.2532253556847537
0.025364149918258194
0.1399091845031606
0.19816472162784704
0.49896532060190424
0.474582698974253
0.6810604600030112
0.7234567350712913
0.45962130838910586
0.6820981074349284
0.07129792154562309
0.6309340231219007
0.9778259874038153
0.8580232744579832
0.009870585971977874
0.5249869415760591
0.17419515547264197
0.6650474306979242
0.18707414500662622
0.24306667949063376
0.9819395216589337
0.21682659097785617
0.5824706070424581
0.9338213776606794
0.2869403166303157
0.5695861752122873
0.6572604821947565
0.9269000479921936
0.6969312697961874
0.09470070480541737
0.9947547301518882
0.2757540052248817
0.6277057454385462
0.2665904112447075
0.31451859604657795
0.7089206306486837
0.8796320956062875
0.4283147375672127
0.21637198465702157
0.044882004187815294
0.23367150441289453
0.7691259721195878
0.15510904160913874
0.6833325861831754
0.7757310270946749
0.765400987281694
0.11952768330115493
0.7140512831776005
0.735477943010252
0.7980533445410112
0.04220006546891075
0.40883253147592247
0.48782457938903145
0.6019303714317459
0.6101273189981526
0.8383389506665411
0.6552789202125133
0.1965070915879692
0.5236009916577131
0.374104296033406
0.954499175696192
0.25177218859624717
0.5725544288935618
0.3532782391188536
0.892360924029419
0.948587835679263
0.03342542472555676
0.5958334257944331
0.800197616246856
0.5463157791343787
0.5192044475405122
0.2591481761803316
0.08148042174654613
0.8054532452301304
0.19726587958635355
0.641031146251553
0.1944090229901292
0.24967100858559577
0.5092845966271524
0.34766992355830206
0.9927388263477182
0.04568701015175369
0.852178329496152
0.15609401240435328
0.4799520135830271
0.31185883606455733
0.5223904017805194
0.78500491383886
0.04343928059725988
0.432188449958947
0.16940352726628238
0.5667502012844317
0.060903768911590994
0.3006676255553602
0.1614855109019997
0.830118821346596
0.1423355000581661
0.037259827050191374
0.28954595708625064
0.9078178477214907
0.415449006576631
0.6942454913125251
0.30436306201591035
0.13947572602911795
0.8508946904667412
0.5035077145835405
0.3725937786406328
0.1908557087273719
0.3537000503932348
0.30211824363674245
0.5504276496616403
0.24377423304238421
0.6373163212259059
0.25726626749558656
0.6803914310217376
0.1842244443279084
0.23465968253173908
0.059184926310748454
0.24472561439485307
0.11765177676631411
0.18199180734226839
0.30114498898447706
0.46302931793124147
0.5451309716403436
0.22598153824303036
0.37078464816838297
0.18834771075653056
0.7508325504464592
0.5068022012775808
0.09353145143923314
0.5092902123099377
0.38277774877352466
0.5954520554191236
0.7961019511903826
0.1034667722829743
0.1539356787968038
0.46372280771373453
0.06912504341250392
0.6648823883537027
0.9665499736622281
0.5115729270996872
0.40584742043216027
0.028511536553880168
0.43637217109850757
0.9775045074766102
0.4493218987775478
0.7476659879428642
0.383018270719627
0.7611442717409003
0.5022803342054796
0.04343553743281636
0.941869771110531
0.7638401877980014
0.6855814059526846
0.34192999246011624
0.993394740194737
0.2260767297895605
0.9743931075788117
0.3598491865853126
0.7626633721587337
0.27867946770606467
0.9529519099656678
0.4966198332953047
0.8474934987193514
0.8436545123387791
0.9710613800837864
0.5843145673911558
0.1360980871233024
0.23038908090610577
0.06250543201214454
0.6606842616408761
0.48226000930402946
0.4421705596629544
0.5355797323737896
0.7472334718332245
0.5059301018085998
0.8361063394736186
0.989890747253263
0.8549383986645893
0.7076859245582483
0.33937682897694343
0.9149466457723876
0.2346231784799746
0.3766365103279643
0.1919935713244525
0.1451795509539191
0.8177179760546289
0.28353805665059184
0.3631785598689443
0.4561538656970361
0.7968223244293839
0.888473682310559
0.4072280219647164
0.48446364560894906
0.7521973206947767
0.16686337105327254
0.917290386626042
0.09691816228446548
0.030880619517918317
0.4980277888338942
0.22897497023118207
0.8774380813987099
0.508407889901211
0.05631450548595751
0.487353291085852
0.8464738722377514
0.5600251096888522
0.034188949651874134
0.8158716925464864
0.8467512495307314
0.08332707637279446
0.6187298088628623
0.33095312664735976
0.13113856312474037
0.12304007017571394
0.5786451909089667
0.9199009866881778
0.639422833484476
0.5548138430286138
0.15623939834067446
0.4833994343248891
0.8926233050221006
0.2714922992478752
0.4627231524768609
0.3469946812184612
0.07505095299511133
0.6051019353720273
0.7891030402083561
0.26355236593971876
0.5328398733455861
0.624345746188304
0.32485598352329825
0.6716290770279807
0.49614614173746197
0.38060660861702544
0.21106190344494768
0.5855409252357107
0.03904330202982198
0.16973125917198373
0.8729827747046526
0.023729483686904418
0.8324372379819525
0.1049112451104861
0.6753787241418596
0.17977094202160804
0.4940404059669752
0.8845021007102416
0.679098088839899
0.33491755928555933
0.820184582934163
0.7923826119186723
0.4317537970403389
0.5664620311753987
0.8089102621231594
0.26658641290702434
0.982953720831307
0.7193646408721583
0.9937180525574543
0.1803768122878553
0.14367905890264554
0.9656242068606429
0.19332596971306804
0.7597708395953358
0.7719650277356527
0.38158370953758447
0.06931920719330664
0.7844833176923502
0.7249631050421741
0.1487274305286701
0.9690229743330239
0.2062910861764049
0.6983735919210288
0.5714531666738174
0.47598652760157756
0.7534173689720718
0.6146020249678166
0.911922765656143
0.2651812008398704
0.45041568394746734
0.9721410552069034
0.9673947933970055
0.07922159383896132
0.9103782129624371
0.2957432522517527
0.49671344172090803
0.15276920630504565
0.7492585248318357
0.03320309879429484
0.4464434657437111
0.050516957521263395
0.15174433644125496
0.7854235851495308
0.2729801274136501
0.010621681387375848
0.1798052056270134
0.13753843628077123
0.2044998794290651
0.3896923922308042
0.2766381491183494
0.15484008341289113
0.8718012027812072
0.9557473096370059
0.8225143224972844
0.8612012417280688
0.8423099524755264
0.8251458684990098
0.10463850445412715
0.12511173321562818
0.8849414911187139
0.9189987413886103
0.37246521525028364
0.511041432617245
0.02812704995694859
0.9558597784098508
0.2124544378309683
0.12744717038949016
0.6126021023581691
0.39143437706806883
0.861580576814784
0.7885380146959453
0.19819956437712682
0.5264317855841014
0.3730044071148697
0.7871728468620969
0.25370184734210244
0.008394854683654751
0.9641239499270966
0.9165523694565869
0.9895500648628999
0.5744626801345323
0.6809883227541216
0.6537648959569671
0.5850547531148822
0.9982782272774913
0.11856544379389966
0.5374150027226143
0.4268444530615585
0.9877050831524541
0.04661812945313226
0.33843500160906825
0.9608174940162515
0.7512673239456198
0.9930542824778881
0.8225941142806579
0.25565605883735776
0.32454571245329134
0.25360668344028214
0.5519245275253448
0.8257311159203118
0.32927464294537545
0.5217791657296289
0.40941150839295815
0.7861625521930524
0.4609449276368929
0.8488116169828372
0.4468341153592048
0.6849336098774343
0.7439481451526342
0.06588882098642013
0.1335314290023044
0.17983856327993641
0.4022603873308148
0.6925274452229533
0.736298144874671
0.2729330048115719
0.7288743264759778
0.24725353037871645
0.42462392323567744
0.7985474747826629
0.1038900860044718
0.32588225967084283
0.18222936067080142
0.7902348338511875
0.04732099670769774
0.9475648245150547
0.4919599873180913
0.9961333501219551
0.22612545404289297
0.2720517434482541
0.19494393491805395
0.18765359035081786
0.41322691124696953
0.989190144667133
0.7467284648927701
0.8551764600859222
0.14274208917071585
0.699817190187138
0.9906212767675864
0.7691765267160391
0.825742997661667
0.6851397480795658
0.639172218596971
0.7219887693794487
0.37659371893021754
0.20166228183815882
0.8357087590530394
0.45120384795671353
0.97313566956687
0.16766877606135644
0.10023212224535505
0.9121265656219082
0.40487215527940723
0.6499595338674409
0.7228078416372494
0.1287264669523389
0.9992760880252156
0.1902057675812645
0.7758345773321678
0.8238184919659954
0.19678922452536374
0.2690669190138846
0.7167739610006225
0.28612285656140757
0.5700573464087855
0.690929159190312
0.17063761147094492
0.05667198832275733
0.09613788904338882
0.16791210664575962
0.23615041757023225
0.6044655059292556
0.43841631660853486
0.2626931568335371
0.017570777255822012
0.5819324314110419
0.5054481615702395
0.528463307241045
0.13749845077361744
0.49122354581298144
0.17921457898874316
0.9011591971763613
0.5957600155139526
0.5900266108101422
0.3032991006370469
0.4001361308936764
0.8453055593599614
0.30712115800702544
0.36422618052398437
0.634931091544622
0.4789224925923803
0.7212760751222766
0.7009805176991353
0.8051632108465399
0.5158860884572556
0.6611184686822469
0.6661275652039589
0.13408742845625254
0.9576213823565343
0.457506891132446
0.1458493066554587
0.7048433337056628
0.47266401989264617
0.522346756025442
0.8946762944178295
0.7564434708199277
0.3068441027402695
0.3864473906755068
0.31631473265254617
0.7577681822657771
0.9130673523370316
0.6024656873210534
0.5309324748447943
0.09385177616663398
0.7679297438996935
0.8871857968032921
0.5814072494613896
0.5723861155906467
0.01892067422609789
0.8678892155392497
0.3619112746435811
0.3592198664932724
0.909347927099206
0.8847138852941261
0.9816087095692114
0.7653990051136714
0.9162538037280192
0.6279873325761738
0.01376043978534458
0.8563238509443696
0.6654364818524605
0.9924814417924475
0.5373983265739002
0.8785977308609656
0.5539137943790216
0.11746743263076032
0.3118405616851505
0.6022885454913038
0.9414836421180186
0.4897775358374663
0.9204817642846359
0.39036601556972483
0.7737868039941258
0.3954117322198072
0.855579994574929
0.4408899679935865
0.8438946294333631
0.9169841330546475
0.6748660038689711
0.1352831174928968
0.5651593756463116
0.6052255512428062
0.021457239120071137
0.31669086298900795
0.26003978506974157
0.46934843544896787
0.776288573917717
0.7761459581465702
0.23273646112575608
0.19306735459363744
0.9710987153030084
0.30236594903616854
0.7536409768384109
0.32969739186957514
0.4871125691963951
0.15200528488730036
0.291967808077211
0.4532970971124042
0.8659289354068107
0.6013629433384766
0.040260883089008104
0.5076804164533495
0.830592217072698
0.7832132222263051
0.3311235927452705
0.06115066935020441
0.045524517809099496
0.5333177930512902
0.047162856106998774
0.3270352080114951
0.47225257598086046
0.8822668515663448
0.24545186957264975
0.1017689066773031
0.956006633400404
0.642563463709789
0.2668231962940122
0.9050969847641159
0.10175767897883126
0.953456080588647
0.3600958202226754
0.510826178273829
0.6796983341711422
0.9184648825468928
0.9967171676419468
0.06296596457831094
0.1125016310438911
0.18675362790221506
0.2294877716325623
0.9651680389510235
0.021119403226456335
0.7522131078487204
0.5840359152123433
0.2837767586843789
0.06908964999800071
0.10889717627952233
0.3043196775677799
0.7565551143128064
0.7690192832952363
0.6512246008083558
0.5202411480381337
0.8075471920620942
0.35351833620863116
0.9591403431566683
0.830165498324529
0.41904323461959514
0.6233389179644784
0.0829775760921776
0.36125125015738946
0.9092723011477577
0.4222930832287326
0.9299816874305564
0.3392386645419987
0.40502372710744505
0.5169992355985629
0.4272638139557243
0.5614120949700239
0.02939609452009173
0.13119818481123002
0.8735303224044355
0.17394517235344242
0.7333435993696564
0.9325884667693498
0.63443902146975
0.12850640119148093
0.13137603357111383
0.10148684382762352
0.9185976864511065
0.7813561724419527
0.32181705054727283
0.7425059093249695
0.18834790658142642
0.42034789310561016
0.5357396742417888
0.45529296586087153
0.9918101624307201
0.0830402227045326
0.3754046893950762
0.10165035794633281
0.9003982438086673
0.7099109634038618
0.1324890082318695
0.5024051753388465
0.2240717438607227
0.21279594933898416
0.9871605276642117
0.8650829515491771
0.62258623730415
0.70166168738799
0.1687372157649234
0.04280033171527786
0.2578570107231728
0.4531369249399728
0.9924439164077687
0.9010628036461292
0.2429766897874872
0.05168912307942497
0.005641572036228615
0.6769152012433692
0.3298795978636675
0.6637893030577817
0.8915300943382918
0.09876903101616974
0.8623239806617014
0.6991013404999689
0.5920890859878427
0.143085449496398
0.013047506370275519
0.9834296438178691
0.44553281968454495
0.8001367286060161
0.6677867720813582
0.6143196749330593
0.6991867462837418
0.9403403870494393
0.4533527824297394
0.6211110170056622
0.9595069757243071
0.029159712100277346
0.6789765980256035
0.8286291289344057
0.7751773062310732
0.7119023886002693
0.9795157404799504
0.6695386651061987
0.43624892117884473
0.35954707764733707
0.571468027439699
0.5021854512400217
0.2305975814088732
0.7025725178401787
0.4552744977551364
0.06748911380225109
0.45792550826319967
0.8823603085021254
0.6471838585406728
0.7916253715950592
0.4389819774576189
0.3785372518709076
0.6127974880022145
0.3611850058703385
0.5829655628936741
0.2486996970706825
0.03357116344749578
0.21217361021505932
0.953388694479296
0.9289745170947825
0.9428808350874684
0.35809587518541197
0.9503219309221589
0.6480635697325792
0.5984023549482049
0.03769056134119153
0.08805229645274792
0.5436984129381741
0.6700809849951759
0.3673727063836869
0.7039766985736033
0.141946875668719
0.23062383008233622
0.6574491659009931
0.5961362744164784
0.8992475831491629
0.600252855740323
0.6634935531598074
0.8105467248776812
0.7563841077274356
0.32716607583112634
0.6247723531225249
0.8603318923448051
0.6850405192984999
0.9411342558692586
0.3128560163454863
0.5167664419628997
0.33333638868351767
0.6213074370394018
0.06323089767129986
0.0707973658461738
0.4783883613229245
0.9013619376372555
0.6488879746127376
0.19209823751369504
0.25879855342537206
0.4098941446594542
0.0263942891453115
0.6821836098776781
0.5613819131663216
0.3878874395955625
0.6361341578406412
0.4124642485937655
0.5060286806584511
0.9683776751339153
0.9124299240814022
0.07074485219321391
0.15380398296446463
0.8724720445590077
0.7398063840468023
0.8007485065049964
0.5395136251464558
0.8110560747896693
0.0702544979381885
0.36065802746014897
0.21558593972274087
0.30494235793998814
0.7376442484395698
0.4287148708942188
0.996170839607702
0.3426284741062562
0.8337518371066488
0.10098989861737317
0.46862248995857647
0.29961720654070945
0.7244659613187063
0.5376896044899089
0.8091269947667241
0.26425501554892294
0.9309835507498676
0.3068776253362815
0.12328954546779247
